1.594151
2.028778
0.269279
0.740056
0.550577
-0.364896
0.596916
0.801609
1.209891
0.381862
-2.172066
-0.188430
-0.547060
1.292839
-1.648166
-2.080224
1.335124
-0.301325
0.986510
2.993259
-0.172214
1.537995
-0.575733
1.438729
1.575881
0.914206
2.100965
2.961623
0.053715
0.992458
-0.704304
-0.858893
1.140648
0.754486
0.789170
1.678868
-0.876735
1.725166
1.660894
2.650780
3.607601
0.403746
0.685128
1.003962
2.213317
3.069371
2.962886
3.728692
1.411581
1.468367
-0.080972
0.022448
3.084016
3.555037
2.322586
2.461303
0.010003
1.274502
-1.581784
-0.042612
0.965967
3.096524
-0.166259
0.203259
1.886638
-2.610531
1.170073
0.254476
0.851816
-0.608106
1.988429
0.482191
0.899665
1.665156
-0.257503
0.873160
0.962491
0.422714
-0.231758
0.750247
-0.446944
2.023537
-1.350679
1.495525
0.037926
-1.369155
0.814000
0.824283
-0.718992
1.932303
0.575996
0.577470
-0.930216
-0.462833
0.243494
1.141900
0.881413
1.415280
0.314839
-1.221416
-2.154059
2.234360
1.088631
2.103849
2.068662
-1.490782
2.356486
2.030693
-0.942896
-2.163051
-0.373961
-0.110303
2.909695
2.182213
1.885271
2.679551
0.410001
0.388484
2.864440
-0.305075
1.811686
1.455575
1.001011
0.832563
0.898754
2.061411
1.602107
0.313199
1.511938
-0.287451
-1.709123
0.266804
0.522470
-0.159760
0.476907
1.047803
1.090404
0.905187
-3.020225
2.070378
-0.562670
-0.885932
0.812474
1.591226
-1.272048
-0.483624
2.202762
-1.093388
1.323478
1.138184
2.465300
-0.065632
2.955897
2.700230
-0.140141
-0.523157
2.357153
-0.821446
-2.466017
1.086210
-0.225345
-0.899619
0.275156
-0.113969
-0.080813
-2.160257
0.463921
0.430334
-2.541218
0.317631
-0.951038
0.842910
-1.638081
-0.159754
1.815764
2.990496
1.616626
3.293071
2.934539
-2.318278
-0.004169
1.078197
0.399630
0.391193
-2.224646
1.494926
1.515191
0.936252
2.113840
1.882348
-0.966158
0.895802
-1.907441
-1.873015
2.325590
-0.191765
1.903957
1.951505
-2.168839
-0.211898
-0.354276
-0.599977
-2.234529
2.203722
1.968341
0.764461
1.307533
1.883871
0.935205
-0.681683
2.449700
-0.682029
-1.326495
2.311370
2.060786
1.987632
-2.525435
-1.175644
1.281896
1.247215
1.254109
2.511444
0.936637
0.039098
1.081446
2.676293
3.766538
2.321091
-1.480008
1.520697
0.484255
1.724869
0.457176
2.025880
1.601118
2.838262
0.025428
0.868530
1.912293
0.198577
-0.869603
0.130248
0.817639
0.907033
0.553706
-0.541867
-1.026300
0.242519
0.119900
1.467307
-0.009597
1.371979
1.849204
0.020041
-0.692792
0.982541
1.633595
0.072154
1.842676
-0.252150
-0.138076
1.152006
-1.781522
1.517417
-1.985832
0.104171
-2.119790
3.381262
3.445170
0.839730
2.334042
1.340522
0.035304
3.270828
-2.121029
-0.534831
-1.006910
1.924990
1.873941
-0.420047
0.950930
-0.325228
-0.919311
0.491545
0.269706
-2.189028
1.897033
2.246492
2.184110
0.041027
-0.511679
3.343371
-2.447418
0.411139
-1.112723
0.272132
2.033617
-0.947574
-0.405491
3.626421
1.444995
1.482751
-0.646035
-1.777804
-1.497656
1.083153
0.240305
-0.446529
-0.108942
1.430382
1.634860
-0.083903
0.374161
0.243167
-0.709489
-1.950440
2.445348
-0.776721
3.165783
0.546611
-0.794496
1.862113
2.856415
-2.220208
-0.920774
-0.499951
-0.158448
0.037756
1.218471
1.652647
0.020283
0.204781
-0.538061
1.172494
3.415193
1.967233
0.710870
-1.027790
2.156587
0.998201
-0.082536
-0.619924
0.827206
-0.590832
1.595690
-2.904988
2.558338
-0.865922
1.014575
1.530102
0.393102
-0.507184
-1.011631
-1.365871
-2.491199
-0.626527
-0.029825
-0.596015
1.934123
0.810765
0.172134
-0.917662
0.592714
-1.301614
-0.489777
0.893106
0.987187
-1.333586
0.992699
1.864523
1.248037
-0.307678
-0.240240
-1.647310
-1.915446
0.504156
-0.614546
-0.250447
0.949317
-1.460891
-0.502749
-0.076803
-1.340762
1.608806
1.347006
-0.394753
-0.904179
0.585307
0.047020
1.805298
1.422742
0.137172
-0.383130
1.352191
-0.527031
0.343867
0.270049
0.363428
1.744710
-1.911677
0.528038
0.899268
1.512035
-0.016904
-0.806574
-2.943824
2.306924
0.440556
1.462436
0.673709
3.028177
-1.077836
1.363853
1.369842
-0.668052
-3.035945
1.240193
0.913801
1.745003
1.060972
1.222284
-0.758500
-0.855770
-0.400653
-2.308033
-0.516940
1.646665
2.288291
0.306173
1.408293
3.179697
4.240291
0.639509
-0.487646
-0.439343
1.608476
0.749836
-3.843528
0.793476
0.343661
0.601938
0.229868
-0.688282
-0.037633
-1.558169
0.091032
1.570150
1.211772
-2.043747
0.291560
-2.083632
0.570390
0.021769
-1.416785
-1.305071
-1.744125
0.355227
1.739053
1.259027
-1.887920
0.182969
0.045475
-0.662299
-1.504893
1.566725
-1.871369
0.405050
0.970359
0.238715
0.927948
0.738118
0.877139
-1.485965
1.499910
0.053375
2.320870
-0.468753
-1.375548
1.100791
1.327154
1.754684
-0.662912
1.317662
2.073197
1.842871
-0.502303
-0.522827
-0.567282
-2.294543
0.475009
0.888572
-2.326745
1.386607
1.835981
0.477412
0.940375
0.815415
0.796695
-3.517359
-0.680299
0.104928
-0.652903
-0.462523
-0.168774
1.898595
-1.552538
-0.415344
1.476788
-1.030154
2.310400
1.123382
-0.843253
-1.787841
1.655261
1.589350
0.135244
2.345045
0.973242
0.893137
0.381817
-0.694338
-0.516596
1.530726
1.144178
-0.300104
1.658036
2.614750
0.627269
-0.331727
-1.444092
1.715961
-0.382479
1.353786
-0.221141
0.409458
1.045035
1.564334
1.281485
2.201691
0.790340
0.461252
1.093765
0.373880
0.139749
1.570831
-0.039121
-0.905070
-2.479240
1.636888
-2.813703
-0.784436
0.655469
2.505622
0.863820
2.971872
2.451501
-2.391078
0.559934
2.297208
0.551359
-1.307105
0.272097
-0.571750
1.002582
1.014616
-0.459253
-1.002653
3.113561
1.507599
0.874703
-0.175584
-0.954495
-1.733045
0.289262
0.796833
-0.738520
0.486770
2.766542
0.816659
-0.255238
1.356884
1.028077
1.593983
-0.172645
2.080241
0.798775
1.084999
0.265018
1.393629
1.977816
-0.264898
-0.119863
2.750188
3.917773
0.795400
1.990472
0.068594
-1.182062
2.002942
-1.130572
0.633925
-0.350597
0.569414
2.305796
-0.253975
-0.541032
-0.428088
0.559511
4.979834
0.686454
0.073457
1.374358
2.927068
2.530775
-2.376113
0.410130
2.699547
-1.717679
1.503622
0.704221
2.379043
-0.003497
0.116550
1.365812
0.798088
0.515153
-0.502942
-0.049784
2.678563
0.556312
1.816215
-1.698442
0.596091
1.128568
0.463368
4.971790
0.546138
1.484164
0.543159
0.928026
-1.969867
2.941555
1.248250
-2.252796
1.821987
1.873670
1.622232
-1.670515
-0.248655
0.385014
0.799812
0.567912
1.499990
1.536015
1.135593
0.472028
2.534803
-0.132432
1.640841
3.338830
0.572276
1.907074
-0.401646
-0.618391
0.535921
0.475550
-0.376582
2.548939
0.435422
0.844532
3.992192
0.489444
0.114533
2.608148
1.748136
1.005976
1.968860
-0.133351
-1.745303
-0.069107
-0.804889
1.153816
-0.891256
0.467137
0.309438
2.794688
-0.308822
1.966186
1.181068
-1.259735
1.369695
-0.856482
0.154863
2.383894
-1.541221
1.978473
2.493647
-1.288741
-0.181660
0.231417
2.782828
-1.516494
0.963695
-0.064090
0.441796
1.987591
-0.307345
-0.179069
-0.464774
2.718343
-1.164783
-0.489037
0.383145
0.954678
3.673324
-0.179581
-1.433696
-1.529252
0.543751
-0.323163
3.822790
1.682801
-1.163501
0.470174
2.239072
1.262342
0.094956
0.645235
0.985343
0.540419
-0.427568
-2.365271
0.594899
0.667772
1.775968
-1.558493
1.061753
-0.186231
-2.325120
1.321590
-0.767310
0.596836
2.214385
1.624904
-0.123833
0.986331
0.589787
1.796667
1.369887
2.385811
-0.156652
-0.580477
0.126196
-1.750228
3.614851
1.847960
2.157934
0.941300
-1.622416
0.059874
1.664357
2.376042
1.365342
3.354581
3.643213
0.373181
-0.597606
-0.615338
1.204226
-1.707007
0.241830
1.531262
0.445006
1.100558
-1.208709
2.569030
1.275179
0.397338
-0.553097
-0.213760
0.110482
0.405705
2.160598
-0.043973
-2.178947
-0.659592
1.098789
-1.195243
0.533276
-1.542121
3.487108
1.342019
0.239789
0.062214
-1.279599
-0.082156
3.018436
2.414692
-0.377371
2.593126
1.756055
0.623766
1.177982
0.636387
-0.909372
-0.963001
-0.977173
0.225523
0.425423
1.751816
-1.072193
-0.866948
1.095585
1.503097
1.167953
-0.712109
1.105765
3.330297
-1.065616
1.096734
1.511942
-1.370848
0.135565
0.961964
-0.492347
1.263579
1.260885
-0.420069
2.084748
0.811851
0.641523
-1.447888
-0.129137
-1.159403
0.173904
0.247884
0.858902
-0.918661
0.434619
-0.463233
0.088665
0.514690
0.240942
0.667972
1.796105
1.208081
-0.586620
1.576915
2.819479
-1.959480
-0.194499
2.174612
0.271689
1.749214
-0.746078
-0.559974
0.748339
-0.876659
-0.633416
2.257367
1.726777
-0.546218
0.675563
-2.020079
1.722555
1.176685
-0.894356
-0.104087
0.571674
0.417164
-0.485035
2.309318
1.617517
-1.322464
0.905610
2.106248
-2.190060
-0.577344
-1.934474
-0.542900
-1.353551
3.199582
1.495196
0.488617
-2.452130
-0.846001
-0.028188
2.050044
-0.222834
-0.212947
1.175511
0.551714
1.743614
1.365462
1.902735
0.161969
-2.081552
2.844999
0.469361
-1.715997
0.560661
-0.599984
1.053606
2.137511
0.556053
1.010194
-0.608936
2.347366
-2.646630
1.510293
-3.942073
0.068889
-0.858786
2.598413
1.340054
-0.296638
0.291433
-1.141131
0.495563
0.278593
0.697272
0.212178
0.732234
-0.427951
-1.075976
2.448293
1.864074
-0.569099
1.084649
1.511163
2.105641
3.161387
2.533585
-0.304314
-2.134118
1.627466
0.566386
-1.784232
1.320043
0.629744
-0.856703
1.167768
1.256097
1.646580
0.478049
1.583454
0.744062
-0.394401
-0.398307
0.197914
1.783076
-1.140868
-1.720434
0.470267
1.948192
2.080122
2.443980
-0.451808
2.907003
-1.982543
3.653699
0.599380
0.554766
-0.926596
0.549714
1.254229
-2.300498
-2.288551
0.257072
-2.232233
0.886778
2.856000
-0.355284
2.146997
1.190126
2.589224
-0.362521
4.248573
0.146655
-0.670422
0.787384
-0.706222
2.853318
3.303735
3.021632
0.872249
-0.650444
1.745568
0.775673
2.488830
2.918621
1.414798
1.232671
0.946029
0.044788
-0.268636
-2.366970
-1.440667
-0.562492
3.517491
-1.363276
0.141195
-2.000016
-0.495398
-1.628813
-2.257010
-0.335365
0.003829
0.989023
-0.071878
0.936285
2.054547
2.415853
-1.285335
-0.112697
-0.052598
3.045018
2.030801
-1.337182
3.725459
-0.189653
-1.773947
3.228705
1.279257
2.313374
-0.011086
0.377007
0.402967
-0.218266
-0.807309
1.143940
1.420153
0.306529
1.169165
1.459081
0.663874
0.908758
-0.690450
2.631121
0.852121
0.146762
-0.413127
0.692502
0.044058
2.827089
3.537357
1.678347
1.203573
1.760872
-0.219656
-1.787336
1.193608
3.416183
0.914824
2.885464
1.105017
2.614355
1.332541
-0.042333
-0.548046
-0.166775
-1.198924
2.058434
0.952581
2.108294
0.727968
0.932819
-0.874907
0.218797
0.577155
1.733283
1.386294
-0.136493
3.107637
2.830496
2.024802
-0.613006
1.838859
1.877647
3.890650
0.269607
-1.600537
0.956442
1.668609
1.222760
1.781065
1.494959
-3.832378
-0.681391
-0.321673
-0.652847
-0.266376
-0.975953
0.217108
1.530231
-2.181587
2.407232
3.334247
-1.372235
-1.230004
1.024960
-2.742164
2.414733
2.993475
0.053376
-0.329150
2.355700
2.493477
-1.087639
-2.031088
0.220746
-0.016289
-0.404518
3.258007
-1.235091
-1.997212
0.144853
0.993677
-2.213535
-0.713378
-0.671361
-1.886058
-2.225861
1.291083
3.746546
2.597970
2.712572
-2.227934
-1.883476
-0.345672
0.097939
-0.667817
0.884873
1.300686
0.908190
3.756515
-1.759737
1.468480
-1.550878
-1.262169
-1.720569
-0.013438
0.148434
0.384999
1.670266
-1.188050
0.421551
-1.058981
0.741095
0.887622
-0.343346
1.723088
2.481738
1.256818
-1.894187
0.948773
0.429536
0.436672
-0.337595
2.819771
1.937480
1.231179
-3.697297
1.342012
-0.894065
1.119653
1.282459
1.210778
0.327402
0.390839
0.506055
0.659800
1.548269
0.236904
0.143179
1.980191
1.109674
2.304499
2.207398
-3.356575
0.428044
0.982368
0.301193
-0.807547
1.438038
1.790399
1.539076
1.556444
1.027018
1.328056
0.744473
0.404215
-0.344731
-0.810439
-0.891449
-0.630129
-0.791354
-0.400194
1.606744
-1.339537
0.877599
0.475291
3.173486
1.746443
-0.285300
0.750943
-0.593985
-1.149934
1.838935
-4.379127
0.381733
1.054535
-0.417570
-1.638688
0.187084
0.676797
-1.305771
-1.277625
1.676476
-2.668119
0.211286
0.480173
1.055599
0.300532
-1.016541
-0.792571
1.710388
1.009618
-0.405919
-1.544752
0.501146
2.596854
-2.972572
3.276238
3.535951
0.290559
1.429364
0.455498
-0.096804
0.377842
-0.392089
1.640615
-0.997472
-0.292939
-0.441268
1.859953
-1.015536
-3.189429
3.318732
0.178374
2.378202
0.109270
-1.588832
-3.126860
-0.435576
-0.236287
1.370218
1.664017
-0.120483
-1.948239
-0.113541
0.846381
-1.317977
1.334731
-1.579502
-1.303229
-0.412872
-0.204332
1.193235
1.168330
-0.308241
-0.427761
1.295018
-0.224762
0.249405
-2.276027
2.495614
2.883657
-0.097213
-1.020075
-0.054831
-0.612973
-1.493086
0.951951
1.113995
-0.243033
0.806665
0.461489
2.201774
0.702770
-1.152280
1.768452
-0.577783
-2.706619
-1.807254
-0.176841
-0.708734
-0.069792
1.888897
0.489964
0.087527
0.809058
0.811444
0.352297
-2.277264
0.359128
-2.708933
0.074638
0.012831
-0.094285
3.303584
-0.675317
1.744220
0.815344
-0.450700
-1.880126
0.072480
0.866995
-0.637023
0.479300
1.435472
1.448360
2.066257
-1.610505
-2.817866
0.752573
0.483480
0.622705
0.999563
-0.544951
1.708318
1.504545
0.930627
-0.926347
0.836907
0.720104
-0.283454
-0.809402
0.941068
1.459222
-0.192514
0.796971
1.613451
0.806977
2.992542
0.186016
3.089455
0.435053
-1.066854
2.652426
0.494014
-1.622301
0.664302
0.022159
0.527894
-0.115814
0.445161
3.372763
0.911905
0.638111
0.668552
-0.521321
0.750058
2.493350
0.658889
0.071858
-0.836532
-0.870967
1.013253
-1.203756
0.113981
-1.057434
-1.497416
-0.247605
-0.492441
1.518252
0.154306
-0.806458
2.481021
-1.139385
-2.184871
1.680683
0.940246
0.099236
0.891731
1.487047
-1.316254
-1.283094
-0.271418
-2.980425
-1.935199
-0.526389
1.690704
0.632517
2.287293
1.107558
0.224864
2.641058
1.956576
1.298226
-1.131892
0.142710
4.022920
-1.919280
1.434057
-2.407950
1.735910
-0.117829
1.298642
0.835667
-2.292929
-0.539191
-2.158487
1.803900
1.099900
-1.988008
-0.048020
0.362932
-0.682085
-0.981787
0.264011
-0.699937
0.324056
-1.282550
1.333134
-0.611256
0.203306
1.194931
0.858102
1.118352
0.405445
-0.631283
1.438226
0.320458
-3.048658
0.673550
-0.620691
-2.493106
2.573941
-0.103779
1.246036
-1.248651
0.175171
-2.178047
-0.030720
-0.677125
1.657690
0.920839
0.454087
0.857578
-0.058635
2.990342
-0.330811
-1.039629
3.934464
0.857167
2.003407
0.878417
2.521325
0.071114
1.771787
-0.994809
0.640842
0.537514
1.519455
-1.796451
0.700152
0.085890
0.954933
-1.908956
1.504008
1.151923
-1.186621
0.157199
0.270496
2.427590
0.927650
-0.588013
-0.718137
-3.311526
0.782279
2.627679
-0.478588
-1.712973
1.054340
0.693393
0.420876
0.652363
1.683505
0.383359
0.937595
1.267571
1.398368
0.394357
0.695029
3.266043
-3.060965
0.747576
1.107093
-0.716849
2.805392
1.317580
2.082042
0.105827
2.155218
-0.288209
0.376033
-1.602397
2.779075
-0.637019
1.746159
-1.828690
-0.294921
-1.607605
1.335361
0.951779
0.674433
2.023198
-0.239714
1.520590
1.772614
-0.751167
-0.020614
1.079623
1.871432
1.439416
1.518721
-1.111240
0.648987
1.498799
2.472549
2.346279
1.653350
0.789849
2.190169
-0.541998
0.701867
-0.552724
-0.623908
0.237641
0.075921
-1.797904
-1.066406
0.103764
1.160839
1.578882
5.800387
1.177709
2.707514
-3.442509
3.722005
-1.486477
1.385629
0.274915
-0.726942
0.810724
0.049744
-2.762397
-0.987291
1.724199
1.233674
1.555770
-1.235001
-0.218243
0.657962
-2.478087
-1.952329
-0.557867
1.919139
0.497975
2.001769
1.407876
0.427463
-1.292784
-0.993799
-0.522906
1.754843
0.482298
-0.447111
3.179210
-1.367954
2.447064
-1.341697
-0.472969
0.331088
-0.535140
0.382633
0.458899
0.364130
2.374963
0.081468
2.503984
2.054894
0.626130
1.206503
-1.203858
1.843526
2.431632
0.627890
0.449062
0.344433
2.066146
1.284211
-0.436018
-0.467940
4.099255
-0.014633
-0.368740
-0.978866
2.662235
-0.241419
-0.234451
0.054624
-0.288587
0.152326
-0.529196
2.117887
0.578006
-0.712956
0.513083
-1.001988
1.375852
-2.382744
-2.604418
0.860100
0.020424
1.680097
1.918903
1.999089
2.216745
0.140234
0.231372
0.359297
0.169552
-0.433018
-0.334598
0.169764
-1.932272
-0.172920
2.682814
1.404401
1.660618
0.152714
1.678770
-0.416984
4.485164
0.039045
-0.024468
2.506935
2.475068
1.069639
-1.594644
-0.191516
3.287499
3.266315
0.493561
3.543418
2.007175
-0.474860
-1.774320
1.577508
2.808911
2.661570
0.258219
-0.401964
1.129645
1.703250
-0.468124
-0.171017
-2.461182
1.511212
0.043595
1.953022
-0.496725
1.084727
1.207771
-1.427031
2.031363
0.976905
-2.179538
0.341792
1.880293
1.528305
-0.209841
1.441151
0.207469
0.532712
0.216750
2.704401
2.273114
2.189376
0.204890
-0.000584
0.594656
1.114547
-0.400152
-1.970348
2.295126
3.995207
-0.168422
-2.185358
2.115211
1.082391
0.194587
-0.660175
1.973484
0.494786
-0.694771
-2.872472
1.701211
-1.736497
1.768902
0.061415
0.655601
-0.836576
-0.480831
-3.727239
1.737948
-0.102751
0.892647
0.647773
2.344770
-0.201557
-1.561977
-0.087556
-0.412188
0.625957
0.109818
-0.689115
2.268178
-0.224480
2.471722
1.274387
2.193805
-0.687891
0.613321
-3.365928
0.258062
3.314018
1.184229
0.056570
0.627838
0.088702
0.301768
0.738598
3.381282
-0.873700
0.464716
1.750989
0.454324
-1.194609
0.796460
1.595202
1.629035
-1.234941
-0.626188
-0.373750
-0.641407
0.938412
0.741840
-0.200865
3.889473
1.304305
1.464187
0.518539
-1.234875
3.297338
0.911767
0.854742
-0.570240
0.588751
-0.520983
-3.965440
3.414251
2.054059
2.100788
0.150506
-0.390785
1.761066
-0.906377
-1.509484
0.136409
-1.136034
2.152594
2.215289
0.598150
-0.021774
-1.403905
0.475383
3.315172
3.630136
2.224929
-0.714348
3.125070
2.579934
-0.185761
1.827657
-1.916230
-3.467912
-0.428305
1.478723
0.138798
0.047708
-0.954203
-0.918328
1.578052
0.135628
0.226322
0.308817
-3.306689
-0.424008
-0.016494
-0.948440
-1.717875
0.936526
2.396245
1.686583
0.831347
-1.315852
0.458949
1.157723
1.478124
-0.097112
2.375620
0.760091
-0.646677
1.980388
-0.487518
0.715903
2.224684
-0.071754
-1.823136
1.850972
-1.304871
1.690989
2.972799
1.800230
2.158914
-0.455984
-0.375966
1.926976
-0.587577
-1.396072
-0.325852
-0.017252
-1.786047
0.148157
2.115287
3.036682
-0.874502
2.055109
0.316658
-2.782308
1.578491
-0.800739
1.337396
2.803143
2.403568
0.128095
-0.971777
1.762059
1.001867
1.579467
-0.380950
-1.232139
-0.495236
-1.098197
0.677339
1.380887
-0.778874
1.080348
-4.033559
-1.060304
5.262375
2.234927
-2.480435
1.985030
-3.567171
2.256230
-0.092176
1.754020
-0.380937
-0.285789
0.309259
1.041155
-1.076377
1.357924
1.528911
1.035874
-1.616657
2.342445
0.353666
-0.693990
2.194220
-0.961490
1.096112
-0.367160
-0.019100
1.006247
3.049379
0.600674
-0.114992
1.946244
-0.508177
1.190485
1.624938
1.057718
0.154557
-0.363061
1.903844
2.673455
0.126177
0.824231
2.990392
-0.188231
2.133354
0.882980
1.400912
-0.525702
0.059947
1.328448
-0.605354
-3.064568
-2.460686
0.404321
-1.010207
0.350394
-1.820658
1.394713
1.284952
-0.444727
-1.587608
-1.942559
2.102105
-1.810429
0.299330
-1.637626
-0.528059
2.099705
0.967579
1.865723
-2.116788
1.462857
1.228435
0.173222
-0.572604
-1.047149
0.315982
2.679285
1.294629
1.475467
-0.010133
1.178734
1.808217
0.319954
0.931212
-1.954029
-2.009928
1.961332
1.277702
-0.390597
2.793694
1.027053
-1.113541
-2.640986
2.691834
-0.223294
-0.573143
2.918536
-1.007560
1.742911
1.861108
3.816895
-1.000619
-0.591478
-1.799858
0.928484
2.085709
-0.052079
-0.444148
-0.949548
-0.437664
-2.048147
0.236146
0.642300
-1.482439
1.367419
1.394791
0.312963
-0.938848
0.452720
0.364785
1.416884
0.265861
-0.512555
-1.004241
2.851285
-0.339150
0.149350
-0.289956
0.818721
2.208875
-2.941678
1.772378
-0.078883
-0.338753
-0.550086
-2.073211
-1.714690
0.731946
0.094058
0.481922
3.187072
-0.757778
1.054583
0.765493
2.628898
1.686731
2.887865
-1.621925
-0.556871
-0.468887
-0.934808
-0.550090
0.764051
1.576647
1.026015
-0.008061
0.353601
-0.906804
-0.548127
-1.352945
2.503533
2.125372
-1.261585
0.807390
-0.216933
2.348235
-1.618868
-0.340463
-1.032287
1.320400
-0.230794
-1.300026
1.250440
-1.655951
1.062572
-1.463260
0.241050
0.442962
-0.247190
0.845598
4.450909
1.104761
0.700716
2.346713
1.138225
0.440148
0.687479
0.363109
0.258760
0.289374
0.798004
0.342296
0.841698
-0.992404
2.317600
1.880344
1.546020
0.649010
0.383004
0.076025
1.956407
2.597961
-0.384778
-4.010634
2.563195
0.519068
1.307117
-0.313345
1.350809
1.215921
-1.564127
1.313019
1.401269
0.175567
-1.792337
1.412871
-1.454973
-0.883453
3.238083
-0.261828
1.970597
-0.698294
0.835301
-1.439763
1.184946
0.191516
-0.685371
1.512616
1.288138
-0.211082
-0.655179
-0.489898
-0.027046
0.617124
2.278741
-2.193394
1.555828
0.282134
0.222685
-0.813131
2.192580
0.040399
-0.707161
-3.324964
1.846788
-1.602385
-0.666707
0.923912
1.335326
-0.718193
1.217513
2.242417
0.107886
1.351686
0.156136
1.187898
-1.542797
1.904151
2.454564
1.528895
0.494176
-1.464883
-0.926728
1.953192
2.334925
0.824880
1.356487
2.578065
0.814768
1.307083
0.708064
1.089165
-0.585687
-1.707064
1.671794
3.544673
2.945500
1.745012
-0.365556
-0.221465
2.890009
2.188438
-0.241371
-1.952412
2.083747
-0.048419
1.567456
0.618836
-2.156025
-0.428885
1.161952
2.571974
-1.031569
-0.450020
-2.292992
-1.576106
0.578226
-2.319792
0.444891
3.086277
0.684679
0.613328
-4.488403
2.942556
2.112350
0.917175
-1.394217
1.511669
1.082824
1.053317
2.950787
-0.355014
1.053859
0.532800
0.434030
0.148315
1.408623
1.730765
-0.706531
0.355449
1.580817
-0.830407
-0.335217
2.894197
-1.249460
-1.380345
3.971355
0.594469
1.374399
-0.615750
-1.557219
2.418958
-0.320826
0.890550
1.184738
3.138411
-0.090753
-0.487787
-2.628084
2.047419
0.659830
0.587487
0.183334
0.465284
-1.124722
-1.643021
1.062178
-3.522654
2.773464
0.034762
-0.504256
1.423753
-0.784043
1.946695
0.807116
1.502176
-0.485564
1.600288
0.842358
-0.827237
0.355842
0.768975
1.566061
-1.990590
-2.605657
0.942966
-1.329711
1.036992
0.825892
-0.530023
0.080116
3.428633
1.962811
-0.585084
-1.362710
0.027622
0.005536
-0.110131
-0.764027
-0.774594
0.639207
2.250881
0.869668
-1.403102
-0.924227
-0.633147
1.391696
1.547158
-0.966674
-1.965071
2.525579
-2.447320
0.909891
3.527505
2.246898
-0.864226
0.834840
-2.061988
0.665762
0.816847
1.925405
-0.397369
0.065975
-1.242226
1.823904
3.097999
-3.630447
1.950497
-1.402697
0.412622
-0.720598
-0.784684
2.657244
-0.395016
0.159566
0.168812
0.828687
1.240411
0.095754
2.489754
-0.933709
-0.923341
1.445079
1.439610
-0.072248
2.506036
2.572734
2.148498
-0.556432
-0.116313
-0.893918
1.404241
0.661899
-0.151656
0.026756
-0.905471
-2.103662
-1.484660
0.391797
1.297586
-0.955441
-2.447084
0.959295
-2.522725
0.439675
0.135569
0.590643
1.594346
0.391258
2.217549
-1.169572
-1.170146
1.458623
-0.857504
-0.534803
-0.426956
0.923338
0.382672
3.208822
-0.617953
-0.881256
-1.332484
-1.973797
0.339626
0.167453
0.489919
1.015441
0.317047
1.893992
-0.625307
0.438707
0.043804
-0.182612
1.604202
0.889831
0.970883
1.389559
0.329006
-1.778522
0.994180
3.222585
0.893444
0.987620
1.527930
3.467986
-2.135423
-1.385118
-0.520104
3.203406
-0.192237
0.448972
-0.907598
-0.657552
2.664886
2.217775
-0.089565
-1.619827
1.218148
-1.784602
2.439766
1.893575
1.182633
0.609832
0.737536
-0.448735
0.532161
-0.846986
0.250100
0.139640
-0.371757
2.703308
0.708337
0.707180
2.604395
0.297985
-0.125685
0.090741
-0.093131
-0.606842
-0.191730
0.244533
1.193864
-0.261713
-2.180791
0.440159
1.853539
-1.966289
0.099094
-0.893834
0.444532
1.202170
3.529558
1.723346
0.855270
-0.261516
2.109856
-2.943471
0.181685
3.135038
-1.823302
-1.755109
-2.440817
0.582205
-0.345074
1.281698
-2.044790
1.357405
-0.030278
-0.596232
1.196504
1.193308
-2.357645
2.614198
1.290061
0.693743
-1.297541
1.369033
0.821669
-0.645612
0.885908
2.488956
1.927402
1.046018
-0.073526
0.315866
2.242757
1.731243
-1.126614
-2.615091
3.055396
2.074883
-0.532463
-0.143099
0.471428
-1.289452
1.162620
0.728170
1.657217
-0.568175
0.262098
-2.253500
0.898905
-0.194205
0.995120
3.185840
0.948821
-0.461786
1.002305
-3.361889
-0.282435
-0.400855
1.912353
1.573795
-1.234742
-2.444592
1.852547
0.294462
-0.506157
0.776914
-0.777465
0.184984
0.474123
-0.856397
-0.850736
1.067034
-0.133715
0.989870
2.335693
4.107597
2.198185
1.168973
1.978952
0.298306
1.503725
0.955468
0.598464
-0.452649
2.486513
2.876960
2.226926
0.184546
-3.212893
5.047668
1.784092
0.087915
1.473293
3.428303
3.272713
0.111172
-0.354832
0.202688
-1.502853
0.290670
-2.048409
2.293494
-0.510524
2.033278
0.651631
-2.534897
-0.910729
-3.032227
0.554417
-0.075022
0.757262
-2.231965
0.655580
2.499594
-2.985724
-1.371257
2.263798
-0.118600
1.071584
-1.044195
1.610076
2.631392
0.687079
-1.857886
-1.083797
3.124031
1.928090
-0.793952
-0.615097
0.174846
-0.844936
-0.613132
0.998565
1.384538
-1.775315
-1.008257
-0.685810
0.001914
1.979674
2.330024
2.556254
-1.555110
-0.851312
2.490425
-0.500868
0.189795
2.211471
0.927384
1.843861
-0.142922
-0.168873
-0.932915
1.067151
0.716821
2.664334
0.996205
1.367316
-0.725006
1.273487
1.161453
1.070727
1.708549
-1.915831
2.734610
-1.444779
0.646541
0.017444
-0.356245
2.536031
0.855778
1.277461
1.298542
1.956348
2.394232
-0.372895
1.436298
-0.699850
-0.288743
0.745379
-0.596656
2.474730
0.587797
0.031185
2.665162
-0.314832
3.787248
0.845455
-1.403682
-0.128616
0.968328
-2.043242
0.813097
-1.103383
1.674229
-0.799704
2.600392
2.219538
0.642331
0.297593
0.628438
1.137478
0.041808
-1.060090
1.222430
-0.329582
3.780883
-2.056333
0.180707
-1.726191
1.530653
-1.511471
-0.103378
1.874179
0.757505
0.320387
-0.435497
1.321263
-1.181921
2.274669
-1.007708
1.213145
-0.443024
0.194598
0.592486
0.210935
0.456550
2.057205
2.249362
-0.993050
1.352560
0.113353
2.171361
1.292796
2.862946
1.682483
1.630701
0.937846
1.961619
1.242586
-1.181593
1.952131
-0.766826
0.576156
-1.201845
2.125256
1.977519
0.336634
1.563344
-1.222692
-0.667175
-1.486463
2.431952
-0.921938
2.782962
0.985324
-0.266548
0.514498
0.378449
2.006864
-0.278383
-0.656364
-0.012292
1.863081
-1.772942
1.511833
-1.612040
1.097917
-1.032486
-1.709695
-2.633104
-1.638422
0.769390
-0.033104
-0.885633
3.251012
-0.614414
-1.409840
0.096929
-0.040929
3.124243
3.190788
-0.439962
1.801433
0.961133
-1.512955
3.128747
1.791635
-0.549212
0.427880
2.167080
-1.967385
2.990185
-2.411276
0.443443
-1.112191
0.027486
-1.040621
1.330477
0.993336
-0.144841
3.111864
1.129217
-2.437671
0.982165
0.598579
0.642244
0.495795
0.055051
0.774475
-2.061725
2.643957
-0.962897
0.718087
0.264472
1.506106
-0.253144
-0.759524
-1.265493
0.187075
-2.135289
-0.090379
-0.010170
1.863835
-3.617570
-2.654474
2.533470
0.744315
-2.128300
0.503262
-0.633766
-0.421055
0.655048
1.259210
2.099958
-1.442244
0.942284
-0.378978
-0.316266
0.648531
-0.621944
3.512938
0.933318
0.943802
-1.100304
1.202236
-0.783649
-2.292862
0.369692
-0.699238
1.063375
0.746149
-2.053192
-0.923430
-2.169811
0.553908
-0.473687
1.555189
-2.330232
2.051114
0.409933
1.004810
-1.046004
-1.671646
0.889685
-2.242128
2.173707
2.352279
0.227823
0.922229
-0.029570
1.563535
-1.834264
-0.600841
-0.553545
0.604454
0.656756
0.239090
0.760552
1.570015
-0.258183
0.280154
2.452648
0.225340
-1.619538
0.907776
0.544259
1.974172
3.167415
-1.552571
-0.581184
0.007853
-0.575372
0.045706
-1.196722
2.748048
-1.075662
0.581478
1.468655
1.389429
1.215709
1.253474
1.156842
-0.313770
0.477136
0.687330
-0.910932
0.236364
-0.745116
0.871460
0.677466
-0.327051
2.213742
2.911729
-5.220331
-1.629552
-0.178453
1.875865
1.066342
2.231248
3.730106
-0.562545
0.324610
-0.533990
5.237539
1.986297
0.040958
2.069012
1.753103
-1.868522
0.751559
-1.129005
1.561952
0.729748
-0.981759
-0.570741
2.835692
0.720145
1.343333
1.518910
-0.138573
0.660910
3.629755
-2.962743
-1.974338
-0.454557
1.338199
-0.280591
-0.626334
-0.304706
0.711482
0.512956
2.871349
2.192950
-0.547807
-1.821902
-2.143933
1.647958
0.386184
-0.564509
0.613495
1.701345
1.293930
-0.803918
-0.377191
2.332596
-0.695963
-0.686675
1.357614
-1.037388
0.989955
1.604386
-0.049164
2.040397
-0.500729
1.263712
-1.303171
1.509266
1.100001
0.682009
-1.155266
1.140877
-0.739628
1.558618
3.792751
3.436096
-0.650981
2.678617
-0.033938
0.743023
1.152718
0.129979
2.699676
-1.054820
0.312308
2.747172
-0.991778
-1.716489
1.676449
-2.067644
1.981619
-0.221147
0.905350
2.610549
1.962558
-1.785395
2.543208
-0.256948
-1.012797
2.085761
0.541892
2.438250
-1.471730
0.541912
2.025166
2.966283
-0.520406
-0.122333
-0.605710
0.654471
-0.349287
1.678169
0.689101
1.084958
0.786069
0.453997
-2.737930
3.110622
-1.029129
0.535097
1.509526
1.194027
1.936612
-1.076042
0.896917
2.041494
4.445562
1.728393
-0.353670
3.656273
3.341308
-1.589184
1.114277
-0.819062
0.951245
-0.267985
-2.364089
-1.459253
0.428004
-0.828793
1.770829
-0.875865
-1.027172
0.851621
-0.772812
0.222664
-0.942746
0.368596
0.074265
0.802360
-2.037877
4.711854
3.112056
1.023568
1.779591
1.243001
0.284298
2.178265
-3.005632
-0.905750
2.757644
2.225130
-0.077695
1.275431
-0.512997
0.364602
1.992542
-0.970980
-1.094154
-0.516427
-0.292763
-0.747616
2.083953
-0.487746
1.694372
-0.810561
-0.350846
0.330374
-1.736165
-0.302627
2.655209
-0.295812
2.401847
-2.671950
1.604465
1.388713
-1.290490
2.257542
0.478040
2.029678
0.273954
0.774798
5.031403
-0.226284
-1.107945
2.447082
-1.028620
3.097203
0.675806
-0.106290
2.637004
0.930319
-0.736098
0.534705
0.381225
2.584337
1.078437
0.431572
1.631543
0.883496
1.673786
0.508740
0.687181
0.284264
-1.549177
0.402869
0.854021
1.653344
1.208346
1.458834
-4.672935
-0.181605
-1.096750
1.329760
0.662035
2.784328
-0.246619
1.503191
-0.483420
2.061849
-0.360991
2.568357
0.687681
0.469222
0.971441
-3.252378
-2.146613
1.372006
3.452679
-0.307361
1.304775
2.694303
2.111561
1.666070
0.822159
-1.935056
-0.712267
-0.719600
0.926796
-0.723762
0.066122
-0.631629
-0.350802
0.733478
0.186773
1.581861
-0.422455
0.399296
3.207575
0.502383
-0.239762
-1.431764
-1.364290
-0.115344
-2.197634
0.901039
0.517172
-0.233941
1.843513
1.237368
-0.567047
-0.745252
-0.163239
-0.670291
1.945382
0.774963
-2.627556
0.711726
4.712037
1.922415
2.059079
-0.249033
-0.896072
-0.294487
0.279689
1.950027
1.150623
1.593271
1.220623
-0.163533
3.689789
2.631409
5.426421
-0.102372
-0.450697
2.973187
-0.433497
-2.126440
-0.138467
1.657316
-1.127940
-0.395415
-1.749789
-0.888530
0.704177
0.113798
1.823661
1.989164
0.858802
1.413373
0.045215
-0.261001
1.528519
-2.100167
-1.165225
1.431589
2.017223
-1.166688
1.356452
0.690758
1.845034
-0.509664
1.538883
-1.212996
-0.825735
2.090346
-1.576906
-0.655905
-0.651868
-1.241879
-0.008858
-1.624221
-0.743247
-1.091675
0.327151
1.254998
1.017720
-0.416532
-0.167195
-1.112680
-0.167656
1.569554
1.842967
1.352219
-1.889006
-2.839689
1.940173
-0.381195
2.553279
-1.057759
2.177433
-1.150297
2.218009
-0.741989
0.930929
-0.060018
-1.854008
-0.282985
-0.600493
-1.865156
1.312953
0.218444
2.270650
-1.687378
0.783516
1.570783
-0.364360
-0.631682
-1.146681
0.077471
1.796727
1.048100
-2.406329
-1.719484
0.161204
0.601485
0.026521
1.291448
-0.913447
0.423801
-1.629595
1.501594
1.303112
1.467309
-1.380902
-0.955201
-2.629674
1.461100
3.019262
3.415223
-1.720339
-0.705455
-0.386481
0.806714
0.430462
-0.306626
-2.232762
0.983122
2.529926
-0.930853
2.042450
1.321156
-2.760086
0.630689
1.628858
2.544857
-0.456581
1.042096
-1.023536
-0.278752
-0.847216
0.125306
-0.293958
-0.144176
0.537738
1.527914
-0.078615
0.149559
2.673470
2.030298
1.794414
2.139717
-0.474562
-2.326652
1.139454
2.269924
1.566363
1.541002
-0.795562
2.601581
0.821109
1.756483
3.102777
1.604222
0.084692
0.673412
-1.413922
0.746325
0.706848
-0.597598
3.170373
-1.921211
-1.716893
-0.342140
1.264500
0.352228
-1.259615
-1.930698
2.672295
1.242036
2.859630
1.386751
-0.973872
-2.950427
-0.416207
3.170837
0.019286
0.763335
1.744342
0.623376
-1.119655
-0.349108
3.380975
2.081412
-0.452581
2.818573
2.442959
-0.936543
1.639115
-0.167344
2.109954
-0.673146
-1.254525
-0.188165
-1.480286
-1.266997
-0.603416
-0.329111
4.003384
-0.408999
-1.478137
3.155585
-0.140116
0.533765
0.016418
0.186917
0.421589
-0.897825
2.130252
3.982744
-0.212680
-0.506702
1.895333
1.592620
0.376353
0.778085
0.408070
0.613492
-0.404009
-1.259650
0.083973
-1.381605
0.360631
1.825630
0.496694
-1.042981
3.757861
1.975342
3.123462
-0.628971
-0.594970
1.062503
4.231454
-2.197193
3.226670
0.773942
0.799091
-0.254385
-2.618683
0.817437
-0.387410
-1.600638
3.252529
0.374976
1.183094
-1.223638
-2.400071
0.397217
1.753839
-0.529261
-0.400758
4.651576
2.768726
0.231624
0.602506
0.760175
2.595347
3.919307
0.811426
2.879187
0.625480
-0.670307
1.261502
1.274185
-1.250501
0.184446
1.846043
1.913280
0.046821
2.799122
2.049954
2.396649
2.184747
1.887766
-1.995151
-2.531682
0.359800
-1.249475
0.848361
2.097450
2.310093
-0.268695
5.113041
4.316655
2.067664
-0.982900
0.413266
0.037446
2.231908
0.479787
-2.297586
0.745763
-1.768825
0.045401
0.524497
2.569568
3.352005
1.733179
-0.086102
0.989991
-1.084599
-1.030382
0.353391
0.341581
2.261471
0.966400
-1.809955
-0.042825
2.299073
0.002681
0.173437
-0.656539
-1.047054
0.193658
0.393337
0.196334
0.949466
-0.112972
1.246269
-1.199393
-0.683326
0.082541
0.114610
-2.173409
1.446407
-0.999459
1.407236
1.967837
-0.019333
-3.898395
1.767360
0.004353
1.901252
-0.258494
-0.675085
0.528265
-0.263612
2.107541
1.043803
-0.945521
2.181959
-0.508500
0.432516
3.348513
-0.074228
-0.240929
-1.796800
-2.228487
1.234649
-1.692114
0.045269
1.580637
1.599846
3.505769
-0.036187
-1.776634
0.412947
0.549665
-0.477828
0.446240
2.200210
0.706772
0.634154
1.079160
-2.856770
4.549220
3.475385
3.763939
1.069390
-1.144189
-0.355132
-4.139204
1.238857
1.262264
-0.801162
3.430965
2.176354
0.777927
-1.662333
1.419825
-0.827852
0.475775
-1.814196
-0.330304
2.042524
-0.850062
1.227075
1.750757
-0.998903
-0.513539
0.456935
-0.529974
1.989726
3.548424
2.113806
1.626348
1.038113
-2.594795
-0.654628
-0.204761
0.340399
2.589390
3.994384
-0.338552
0.652054
1.521642
2.207391
-5.220911
1.418783
-1.656178
2.018277
-1.273371
0.402928
-0.293837
2.525213
1.299735
1.392091
0.192942
1.626152
1.572011
-0.460715
-0.835419
0.627033
1.508954
-1.680612
-0.547084
-1.693430
-0.077327
1.318720
-0.477865
-2.271830
-0.141914
-0.078589
-0.532837
0.738905
-0.130280
0.013524
-1.046238
-2.101180
-0.796493
1.509093
1.970941
2.264186
2.417322
0.342467
-0.106470
0.073730
-2.580952
1.224798
0.316320
0.776125
0.207932
3.538375
1.310906
-1.401258
-0.121861
1.200866
0.038389
1.536245
1.262977
-2.906700
1.484262
1.360377
2.418245
-3.919072
2.185704
0.672776
-0.766083
1.213692
-1.358229
1.274069
-0.541438
-0.868003
-2.576829
-0.003216
-1.856661
1.592982
1.584643
-0.671741
2.398200
-0.111223
-0.968726
-2.163420
0.609196
0.711712
-0.082798
-0.493478
1.416225
1.122766
-1.750530
1.292190
0.142256
0.974567
-0.056566
-1.326935
-1.032107
1.924332
-1.202997
0.309506
-3.068324
0.852864
1.265201
2.029873
-0.287862
-2.256123
0.855133
0.494315
2.023499
1.831828
-0.072168
2.279504
0.848677
0.908458
1.290229
-1.318760
-0.177236
-2.308583
0.169416
0.214024
0.128964
1.664402
1.938755
-2.611759
0.750768
1.962549
0.199125
0.289573
0.103906
1.060486
1.302448
-2.220818
-1.080286
-0.082025
-1.935463
-1.038377
-0.571181
-1.273607
-1.333069
0.908696
-1.210929
-0.441736
0.692086
0.955745
0.315197
0.092248
-0.669480
2.947978
0.264293
-0.730210
-0.414350
-2.192724
-1.021122
0.193377
-2.666317
1.669316
2.830606
2.871254
1.120228
2.544968
2.313844
-0.128960
-1.062219
3.360917
-3.192813
0.265784
1.326218
-3.402158
0.736639
1.039289
0.749816
-1.035482
3.368985
1.678517
-0.811177
2.133057
1.882429
2.483856
2.246961
2.441146
2.111454
-0.476822
1.913992
0.621903
0.031119
0.960878
-0.957346
-0.158012
0.112402
-0.846712
0.960542
-0.011509
0.703868
-0.428805
-1.259746
2.065808
1.452628
0.483293
-0.224107
1.070403
0.603434
1.350596
0.699847
-0.486670
-0.586344
3.892389
1.429659
0.334111
-1.426207
1.007423
-0.840602
-0.922987
2.034935
-0.193441
-0.471374
0.072363
1.537091
3.421600
0.672543
0.425445
2.726608
0.257315
-0.003743
0.557371
-0.845663
-0.433414
0.031799
-0.748284
-2.123395
2.159574
2.223732
0.592420
0.051322
0.796328
0.408299
1.128587
1.392284
0.296595
0.372402
1.584638
-0.003535
1.092898
-1.255254
1.821696
0.028321
5.712250
1.223014
-0.089735
1.174983
1.084304
2.698287
-1.282573
-0.457814
1.336528
0.228961
1.370320
-0.640349
1.590296
-1.074575
0.864331
-1.472570
1.363787
-0.275805
1.046235
-0.138905
2.330069
1.207902
0.272320
-0.139653
-0.527439
-0.619080
0.635301
1.610472
0.276670
0.406465
1.203459
-0.814433
1.683987
0.306734
1.722052
-1.266337
0.618897
-0.656328
2.213199
-2.447112
1.523291
-0.286035
1.258342
1.014021
1.435247
1.664584
1.188410
1.353130
0.449772
-0.523575
0.569826
0.758290
-1.102431
1.156805
0.221512
1.160739
-0.150702
3.811115
-0.628511
0.358677
-0.207545
-0.418251
2.043239
0.873621
1.915849
0.950912
0.663752
1.229380
1.468210
-0.064715
-1.245858
0.779342
-0.173489
1.475044
-3.291647
1.719147
-2.495213
-0.203494
1.734298
1.665962
0.550393
-0.912931
-2.338802
0.711377
0.440204
1.402874
0.599021
-1.238932
-0.451716
0.400743
0.006716
3.819638
0.590641
0.654108
-1.136637
-2.796482
-0.833557
-0.587579
2.329129
1.655856
0.770771
1.492855
0.394285
-0.909870
-0.501747
-0.916215
-2.175710
0.115014
4.271412
-0.036863
-0.264758
2.279132
-0.129943
-0.715615
2.177595
0.705077
2.950339
0.954551
1.733797
1.455085
2.742957
0.440384
-0.603143
2.968394
0.555563
0.822656
0.206367
2.106020
-0.612025
-1.331161
1.281652
1.963762
0.914566
-0.217115
-0.673216
1.701550
1.352519
3.035146
2.998969
-1.041164
1.067811
1.382465
0.550874
0.497049
-0.197079
0.540140
1.143000
1.148658
0.557321
0.235207
-0.593749
2.157420
3.168677
-0.362937
0.967553
-0.853877
-0.142520
-0.436640
1.403026
1.045845
-0.334259
2.485130
0.289158
-1.710159
-0.949848
0.003839
1.667349
1.034022
0.028556
-3.646409
1.482090
0.426933
3.190490
3.809506
-0.833571
-1.918855
0.649989
-0.024001
0.805578
0.586824
-0.732544
0.873506
-0.623108
1.649291
0.705178
-0.112953
0.478024
1.873526
0.200330
-1.973275
0.475256
2.050242
1.120371
2.673520
-2.879292
-1.646051
1.945041
0.480426
0.611265
1.023534
-0.649810
2.763448
-0.409788
-0.066538
-1.571274
-1.412838
1.033766
1.287597
-0.345506
-1.811169
-0.361522
0.653326
0.841149
1.428879
-1.962245
2.504246
1.214075
-2.407994
0.755973
2.098529
0.312218
2.623100
0.836093
2.273551
-0.738204
2.273244
-1.338655
1.237267
2.057589
1.003643
0.665784
0.808753
0.188495
2.135460
1.165712
0.062079
-0.363386
-1.209547
0.328597
-1.069030
-0.088032
1.017933
-2.596921
-1.705237
-1.654282
1.042215
-0.247285
-1.572257
-0.975043
4.549094
-0.368816
-1.694557
1.535104
1.906525
0.597813
1.452393
3.206092
-1.198746
0.948240
-0.737030
0.792658
-0.737581
1.306323
-0.292668
2.628185
1.087624
2.297255
2.016641
1.427697
1.940134
0.915440
-0.860120
0.930102
0.047499
1.257756
-1.010275
-0.905464
2.478285
-1.791017
2.659386
-0.588527
0.771632
1.323187
1.040683
-0.716510
0.675360
-0.069377
0.186047
0.776811
-1.226095
-1.133043
1.061466
-1.456339
1.740564
3.748727
-0.313896
1.794298
2.544343
1.216894
-1.254673
1.732910
-0.302145
1.381132
3.498649
-1.444632
0.024428
-0.831458
0.718516
-1.006855
1.327996
-0.238753
0.423039
2.898762
-0.332623
-0.831676
2.241210
-2.359454
-0.252570
1.686990
-1.841827
0.989141
0.982227
1.546521
0.335864
4.161418
1.910863
-1.232111
-0.014727
1.205223
-0.822054
0.247123
0.676377
0.377065
1.275613
-1.410200
1.365252
-0.285300
3.734052
1.320091
3.462204
1.005982
1.649006
0.048665
-2.590868
2.518036
-2.562870
2.559158
-0.214731
2.859568
1.469269
-1.836657
2.289616
-0.616838
-0.863456
-0.418251
-0.237115
0.714285
-1.962212
3.606879
1.825266
2.264152
-1.798762
1.931840
2.833764
-1.775078
-0.782257
1.116906
1.319352
0.822078
0.307856
-1.603845
-0.010165
-0.228071
2.222074
-1.515464
-1.192588
0.078508
-0.508720
1.944605
2.039599
-0.420527
-1.156768
2.394782
-2.424701
0.265251
0.609426
2.399016
-0.872921
-3.283500
1.566616
0.016747
-1.128656
-1.219478
-1.072093
-0.507625
1.788587
0.520851
2.300741
1.857729
-1.160274
-1.640280
-2.540063
0.524881
2.097712
2.986644
0.868476
1.698358
0.073038
-2.622391
2.725974
0.442516
1.631844
0.049203
0.204436
1.206368
-0.933559
-1.766184
2.786737
0.080216
0.448990
0.273067
-0.235860
1.332465
0.020992
2.523111
2.030749
-0.152799
0.809186
-3.841546
-1.068169
-0.730624
0.942004
0.347927
1.993968
3.826797
1.532792
2.671759
1.735819
3.159091
0.977040
-0.119934
2.008963
-0.206694
-0.407850
0.470837
2.218025
-0.101719
-1.451537
1.149612
0.842792
0.015792
-1.469404
-0.481793
0.583813
0.968457
-0.137049
0.555507
1.606679
-0.208224
0.732683
2.277866
-0.728799
-0.667768
-0.360117
1.462788
1.373863
0.307821
1.650828
2.085533
1.815461
1.390007
1.373703
-1.299426
1.031381
-1.538608
1.008735
-0.458278
2.317590
1.634720
1.581496
2.052134
-1.982814
-0.426980
0.988183
-2.052295
0.317653
-0.459687
0.963610
-0.382738
0.907091
1.824936
0.469431
1.910444
0.616765
-2.557447
-0.643814
0.260725
-1.665941
1.126052
0.911563
2.373335
1.646119
1.425347
2.489372
-0.711379
4.230990
0.356535
1.087237
0.815971
0.371464
0.372099
-0.723270
3.745903
0.950220
1.209708
3.590944
-0.986774
2.112288
2.011148
3.372950
2.615797
-1.605295
1.880759
-0.494936
-0.799202
1.345950
1.304954
1.514259
1.280085
3.099578
-2.161033
1.977729
-0.046750
1.174356
2.974560
0.217549
1.905836
0.872493
-0.997984
0.451588
0.522461
0.593973
-0.912912
0.605178
-0.910446
-0.981176
0.028027
-0.458128
-0.924721
-0.003648
1.222136
2.885425
2.878620
0.556825
-0.111603
0.587119
1.218425
-2.620348
-0.365931
-3.619309
2.942388
-0.985019
5.746253
0.298695
1.275218
-2.203566
2.580641
1.896143
2.642964
-1.244985
2.567448
-1.936301
-0.626046
1.749455
-0.864543
0.813742
0.117871
1.320549
-0.180595
-0.749882
-0.427720
-0.934490
1.288046
2.665107
0.672684
-3.124622
-2.259446
-0.734386
1.629904
0.288129
1.612006
-0.438795
3.063090
-0.074526
-1.290388
1.189601
-3.728811
-1.597542
0.076232
-0.848804
-1.269017
0.179878
-1.232079
1.892238
-1.079618
2.030044
4.912201
-2.418997
2.153173
0.775891
1.563393
2.313805
0.250377
-0.123630
0.313386
-0.323835
0.778994
1.474144
-0.347028
1.356741
-0.825736
1.046205
0.242105
-2.605102
-0.018589
2.611995
-1.136095
-0.548049
-0.232272
1.029647
2.476903
0.781914
1.370917
-1.101516
-0.089251
-0.161599
3.660945
-0.093930
-1.875793
2.253068
-1.037456
3.195645
-2.082950
0.434821
1.321949
-1.685593
4.500797
-1.777870
0.315363
-2.076167
-0.666587
-0.544819
1.999874
1.275999
1.933531
2.188310
2.502319
-0.314309
2.375445
0.522357
-0.528159
1.219161
2.008663
0.078768
0.822610
1.188845
-1.674689
-0.050861
1.946929
1.748562
1.060137
-0.669729
3.611516
1.475289
1.254670
0.986435
0.165398
1.137523
1.088819
1.127069
-1.644221
-2.610775
1.906486
-0.542256
-0.080643
0.126976
-0.487345
-1.474430
0.272918
1.245529
-0.713613
0.495568
0.397165
2.597366
1.030278
2.587887
-2.008334
1.389879
1.086757
-2.459993
0.238852
0.394211
-0.507249
0.930297
2.964254
-0.338615
-0.849238
-1.611949
1.811429
2.050828
-0.738993
1.417421
0.256264
0.278158
1.682771
2.521744
0.369602
1.519912
2.326843
1.230353
0.642434
-0.861396
0.194817
-0.175148
1.759068
1.481340
2.637722
-0.050860
-1.335474
-1.319491
-1.632015
0.601800
2.920932
0.257668
-1.700065
1.789780
0.170180
-1.372648
4.287175
2.508037
-2.516491
0.869307
0.260952
0.075006
4.560159
0.262847
-1.716810
0.987837
1.314168
-2.280784
0.527416
0.599453
0.517688
-1.344525
-1.813452
1.893480
-0.071938
1.267922
1.599775
-1.305882
-1.048689
0.472178
-0.013652
0.372589
1.505716
2.339954
-1.058795
0.527692
0.170253
-1.320018
-0.909985
2.469528
1.453618
0.826615
2.049452
2.016048
0.205537
0.624726
1.131119
2.643073
2.058799
0.484322
3.131951
1.837169
0.497920
-0.276715
0.451468
-2.223115
-0.060622
-3.229924
2.629455
0.917302
0.851226
0.916052
1.808222
0.911639
-1.529056
-0.270817
0.142600
0.293958
1.926921
0.596384
0.127042
0.433099
0.902717
-0.396931
0.038106
2.955352
0.154799
1.753036
1.184260
-1.895437
1.056536
-3.364668
0.588257
1.462778
3.484865
0.644957
1.396766
-2.468613
1.934491
0.205230
-1.240600
-1.116162
0.107704
2.918110
0.857725
0.660045
-0.660734
-0.161288
0.238909
-0.763675
2.153678
-2.635381
-0.605155
0.051883
0.520742
3.526930
0.380925
-2.554616
-0.105432
1.750546
-0.949813
1.665412
1.689522
0.960017
-1.049704
0.314385
-1.388552
3.469438
1.218868
-0.923207
0.613760
0.263924
-0.558998
1.168168
2.392163
-2.519509
-0.521133
0.755329
1.363760
0.452288
1.839184
-1.840204
0.440987
0.070139
1.829247
-0.860332
-0.199700
0.054090
2.070796
-0.295100
1.138883
-0.292055
-0.173948
-1.089612
0.174943
0.408325
2.343888
-0.672189
-1.844386
2.336381
4.204017
-0.731103
2.509967
4.357668
-1.202209
1.407249
1.712268
-1.792430
-1.510506
1.274654
-0.259108
2.857457
0.475578
-0.315324
0.880293
1.679188
-2.425065
-1.376029
-0.602215
0.452464
1.932456
-0.417859
1.256806
-1.486798
0.497011
1.742399
-0.220278
-0.283798
0.812213
0.326032
0.781347
0.883973
-0.737155
-1.186633
4.416266
2.206908
2.767351
-0.526063
1.620499
-0.288883
1.903480
1.318183
-1.385005
0.721856
-1.435171
0.973220
2.559343
1.345871
1.951154
-0.366385
0.823656
-1.758363
1.383438
-0.902244
0.607413
-3.592964
1.891682
1.088809
1.271608
2.718034
-2.018808
4.030440
-1.671371
-1.152072
3.147343
1.547409
1.644706
-0.809819
0.454816
-0.820466
3.272707
1.551172
0.609674
-1.528916
3.571993
-2.179777
1.078715
1.231503
2.876966
1.011081
3.629128
-0.879103
-0.236447
2.524167
-1.214060
3.581647
-0.650232
-0.941007
-0.207217
0.583627
1.011180
2.119759
2.473806
-0.680730
1.549772
-0.880086
3.826387
0.726185
1.242000
1.792021
0.417054
1.127000
2.481965
1.872026
-1.644348
-1.049200
2.442297
2.157390
-0.610400
4.016951
1.386310
1.638948
-1.717551
-0.722595
-0.143134
2.449413
0.796780
-1.065942
1.952450
0.778997
-0.538030
1.619326
-1.918297
1.641139
1.993322
-0.014672
-1.909151
0.872792
2.531672
0.487998
-0.416897
4.285041
-1.407313
1.496847
3.246356
-1.246348
0.006808
0.945279
1.043355
1.552133
0.301927
2.491946
0.598649
2.838006
-0.428025
-0.136639
-0.632786
1.638580
-1.382742
-0.425628
-0.315489
0.434600
-0.346019
1.275587
3.175714
-0.197896
-0.663011
3.332511
1.881187
-0.034540
3.230828
1.556640
-1.273096
-0.433372
0.014931
0.696793
0.044173
1.165060
-4.138137
0.325813
3.038121
1.464657
-0.542184
0.387655
0.848286
1.716563
0.400504
-1.048712
3.004577
1.267967
-0.561296
3.015205
-0.128089
2.105029
0.160999
2.638497
-1.536466
2.198673
0.736806
-0.786925
-2.856102
-0.166456
1.823304
-0.723474
5.613680
1.093300
-0.537624
1.742078
1.050887
2.713670
0.955695
1.016532
-1.357815
0.523284
1.149142
-0.872051
0.324534
2.294651
0.715144
0.433280
-0.233914
-1.607883
1.439189
3.500454
1.288723
-0.884344
1.825920
0.230944
-1.503899
-2.957850
0.661204
-0.500945
1.573998
0.844040
-1.667778
2.257963
1.591930
2.347983
-0.288844
-0.503720
2.920638
-0.965558
0.608331
2.102448
-1.435879
-0.141337
-1.530370
-1.390952
1.888976
3.361530
3.179588
-0.320546
1.439044
0.509170
0.062493
-2.128527
1.761727
-0.018569
5.559929
2.418061
1.565562
0.498984
0.079925
-0.718558
2.086068
0.640374
1.839991
0.411549
0.750920
3.175453
-0.092990
-3.723670
-1.275939
1.687401
-1.799338
-0.306728
1.378931
1.727137
0.114535
1.758645
0.781338
-2.011458
-0.682745
0.313834
0.268329
3.722865
1.806947
0.370460
2.576694
0.088541
-1.521685
0.690256
2.240816
-1.135514
1.562366
3.439630
0.260735
0.741782
3.025716
1.637283
0.416313
3.658807
1.223342
2.736949
-0.570401
1.515765
0.811569
-0.610082
1.032239
-2.008885
0.763162
0.163543
0.711213
2.026420
0.688971
1.217273
-0.013251
-1.209079
-1.685062
1.847743
0.559747
-2.084148
-0.518015
-0.139275
-0.466564
0.847608
2.578271
-1.251274
1.792620
3.011102
-0.447236
3.609624
2.805445
0.029335
-0.094450
1.167116
0.175587
1.281877
1.411983
-1.419400
-1.852431
0.394334
1.070693
0.275751
0.502338
2.352149
-1.376128
0.312956
1.404905
-0.174998
3.226878
1.159730
0.335971
1.479927
1.499496
-0.123124
1.393454
-1.696303
1.505569
-1.765085
0.085476
2.961070
1.581846
1.220361
0.438436
0.895827
2.992010
0.546037
-1.735682
-1.797806
-1.365939
0.192169
0.747488
-0.456094
1.561606
0.879457
0.739045
1.910834
-0.045642
2.634725
1.273133
1.484967
0.457683
-0.010838
1.981328
1.249779
1.021877
-0.408650
0.845406
-0.322503
1.742521
2.681095
0.825925
1.868851
3.223217
1.942214
-0.700743
2.214589
1.414933
1.389896
-0.245398
0.642539
-0.244074
-0.915324
-0.024280
-1.538352
1.958715
2.507958
0.093532
-1.596364
0.490105
0.953859
0.292967
3.093162
0.138730
3.349696
-3.308220
-0.924274
-0.654281
1.454270
-0.897630
-1.244056
-3.463909
-0.441149
2.589424
0.476659
5.144683
-0.807974
0.552990
2.979823
0.741164
0.219509
1.132045
1.598173
-1.350114
0.364729
0.456590
1.031640
-4.835373
1.302733
1.509402
-2.123131
-1.363008
-0.136963
1.718799
-0.517695
0.235207
1.026441
1.956583
2.010440
2.473362
-0.375601
0.583272
1.998163
-3.285979
-0.498221
3.104533
0.258369
-1.937249
-2.948128
-0.686748
2.502362
0.003320
1.287919
-0.781620
1.153729
0.872351
-2.583838
1.343545
-0.302694
0.602521
3.148429
0.975920
0.657104
1.333838
1.559168
-1.050684
0.339946
5.689497
-0.988265
2.847342
1.591432
0.465340
-0.081196
0.078569
0.557102
0.725189
-0.136625
-0.580602
2.125354
2.015049
0.139474
-0.772491
-0.225195
-2.571674
3.884258
1.490484
-1.993782
1.125370
2.113877
-0.535875
-0.583637
-0.327593
-0.938863
1.196731
0.789725
1.174101
1.824538
1.762690
1.429797
1.378265
1.989901
-2.150899
-0.538809
0.595736
-2.365157
2.196184
-0.121400
0.233511
2.295352
-0.136502
1.282253
0.982656
0.918826
0.387471
0.068281
2.286944
-2.766404
-2.268063
2.419243
0.193074
1.840277
0.093157
1.066985
0.428754
-1.366561
-2.391328
-0.781425
3.078299
-0.360209
3.045558
-0.562477
2.267161
-0.171126
0.923517
-1.393860
-0.429625
1.772730
-0.291471
-2.627232
0.554587
1.321612
1.453933
1.310972
0.288825
-1.432076
-0.501590
0.010032
0.839066
-1.827620
-2.374223
2.771570
2.357900
0.261776
0.794561
1.178364
0.904426
0.387821
-0.716486
1.815894
0.693286
-0.481164
2.260579
2.737653
-0.154777
-0.185957
-0.495667
0.050977
1.937711
0.900222
-0.032419
2.882751
2.464530
0.692632
2.733990
-2.132738
3.407502
-1.212229
-3.531486
0.826500
0.972483
1.635620
0.938428
0.986255
0.339478
-0.752800
0.444515
0.463836
-1.866861
1.196063
-0.021248
0.873738
2.586394
1.442190
-0.795863
0.607373
-1.184081
0.256480
1.643240
-0.017026
3.126110
1.506983
2.537150
0.238366
-0.366290
-2.445864
1.950436
-2.368134
1.014681
-1.038555
-1.351276
1.390210
0.757052
-0.912897
-1.610150
1.222034
-0.888464
0.380849
1.619499
1.088909
2.962959
0.583190
0.803572
0.289739
-0.886398
4.085713
0.780360
1.902849
3.077014
-0.936006
1.535934
1.919852
-1.168809
3.169677
-2.804768
0.051552
0.399948
0.902261
0.789877
-0.473971
1.848215
0.159574
-0.386023
0.653295
1.441698
-0.547575
3.681727
1.788501
-1.698761
0.233374
0.385612
1.223006
1.301822
2.033833
-1.283532
1.429978
1.060929
-0.302368
0.391242
1.135813
1.948377
0.815993
1.469929
-1.501520
-1.502412
0.493495
-1.062361
2.582365
-0.189590
-0.267597
-1.119370
0.363685
1.602211
-0.151341
2.112316
-1.051442
0.631740
-2.075500
1.413574
1.526404
-2.098107
-0.733646
2.815749
0.890761
0.401944
3.819971
-1.200587
1.678441
-0.130664
1.523645
-1.015921
3.978415
1.902768
-1.692745
-1.276480
0.131477
1.651659
-0.183109
2.570334
-0.379244
-3.594298
-0.629105
1.017542
-1.513297
-2.676050
1.139217
-0.950745
2.069211
-0.998079
0.642015
-0.180934
-0.555289
-0.150942
-1.075934
-0.540127
0.229027
2.839980
3.791409
-0.963345
-0.107469
0.610277
0.202347
0.250601
0.665865
-0.545123
0.408282
-0.299184
1.733522
-0.955579
-0.586571
0.399804
0.864048
0.534143
1.811341
0.640466
3.366144
0.534834
0.264137
-2.132028
-0.598232
-1.141047
1.531321
-0.226331
-0.092105
0.959865
2.358899
2.551194
-0.800751
1.201228
1.327373
0.699200
1.922103
0.843358
-1.216465
-0.208463
-0.325912
-0.436670
-0.274684
0.751259
3.321069
-0.493164
-0.209862
-0.272464
2.745695
-0.497402
1.475467
3.068418
-0.424158
1.569964
-0.173058
2.444729
2.349853
2.346992
0.544870
-1.826593
-1.375139
3.396822
-1.235874
2.009272
-0.175328
0.672433
1.717798
1.331966
0.621458
3.252040
-1.207920
1.653483
1.927796
3.596785
0.651808
0.864860
-1.054537
0.976695
0.054080
-0.857893
1.795529
1.852975
0.733361
4.353020
-0.679469
0.647014
2.162726
-1.252376
0.327061
-0.459367
0.979919
1.274173
0.931711
-1.745095
1.707233
0.019289
-0.129919
0.342887
1.625923
1.013852
-0.119963
0.115957
0.380258
0.461610
-0.048719
1.176018
0.773909
0.325638
1.533559
0.905586
-0.345765
0.031020
-1.793490
2.248050
0.497202
1.718418
2.291425
-1.447124
0.073201
-0.142490
1.542684
2.920612
-0.972623
1.818390
-0.163593
-0.144914
-0.648120
3.202217
2.271240
0.222849
1.044692
-0.713821
1.120168
2.733444
-0.844444
2.900533
1.191402
0.998234
2.144660
1.721807
-0.824107
3.483412
0.076750
-0.320808
-0.487783
0.981564
1.206155
-0.306453
-0.473587
-2.398137
2.415473
0.483705
-1.033747
-2.077182
0.939320
1.299299
2.505320
-1.350340
1.931037
0.922529
1.227895
3.130954
-1.980106
-0.361394
-1.331604
0.691804
-1.204583
2.469512
-0.223969
1.122540
-0.670191
2.911894
-0.188876
-3.163804
2.581213
-0.801344
1.693324
0.113928
-2.479828
0.948472
3.126229
-0.028662
-0.461250
2.716547
0.777551
3.199612
-2.085662
1.265018
2.674317
-1.021439
2.582241
-0.289201
0.094353
-0.544872
-1.205790
1.575039
0.529811
1.293383
2.296069
0.776143
-0.769242
0.960722
3.372459
2.732001
0.057479
-0.485173
-0.286303
0.473551
-0.763159
-1.078343
-0.243799
0.333744
0.085283
1.332872
0.354577
-0.137434
-0.301335
-0.591973
0.785741
3.023475
4.031828
-0.932239
2.008872
-2.030528
-0.005160
-0.148888
1.035664
-0.887933
-0.992985
0.230495
1.861764
-0.997086
1.118711
-0.515734
-3.195430
1.687747
-0.873549
-0.447921
-1.023948
1.362620
2.189984
-0.292738
1.263910
0.751225
1.420820
0.463487
-0.144234
-0.065748
0.887216
0.588349
-1.687925
1.041532
0.501516
3.770206
2.367492
0.330545
1.498747
2.582309
1.762445
-0.734487
0.304261
2.769356
0.992261
-0.467762
-1.422601
2.853108
4.517369
1.312580
-1.535597
1.054164
-0.607340
1.965908
0.571967
-0.239758
-0.797277
1.180568
1.435502
-2.003421
0.992059
1.768141
-0.466085
1.436536
1.764570
-0.289445
0.819309
1.951882
1.592469
1.397621
0.475055
2.000311
2.038853
0.908587
-2.565325
-1.566283
0.116686
1.074692
1.225967
1.070127
1.446662
0.901673
2.268158
3.433128
0.198573
0.536533
0.909639
0.720256
0.013494
1.066105
1.482889
0.821293
0.630695
-1.061864
0.015316
0.344456
0.870929
-1.930656
2.163069
0.282673
0.113020
-1.595825
1.964967
1.197086
-2.359695
0.761093
2.066183
0.718209
1.170699
0.983355
-0.742556
2.239784
0.282069
-1.423403
-1.946749
0.541446
-0.655794
0.519507
-0.552680
1.470784
1.040144
0.029876
1.026448
0.997236
2.163542
-0.002509
-0.263276
-0.176222
-2.511953
0.179247
-0.650107
-0.007314
-0.111405
-0.703806
1.642523
3.049547
3.661718
0.338257
0.208999
1.329352
-0.975148
-0.130358
2.202100
-1.405095
0.816601
3.001580
2.148887
-0.122567
-0.605752
-1.701906
1.329081
0.251334
2.204020
1.271855
1.546495
-1.574621
-1.066894
-0.249455
-0.876619
1.222177
2.700164
0.128319
0.587568
-1.035802
0.524051
-1.399410
-0.307411
0.933606
-0.381698
-1.369155
1.231350
-0.730715
1.238963
3.019944
-2.466314
3.614048
-0.400327
-0.004108
2.957940
1.076298
0.402479
-0.042283
0.506141
0.606123
-0.467273
2.116685
0.879721
-0.220973
-1.050007
-1.270963
1.835181
-2.017127
0.130293
1.509469
2.601706
2.301654
-0.826319
-0.450452
1.253365
-0.150981
1.282263
-0.813608
3.026362
1.952967
3.931793
-1.086751
2.272267
1.873497
-1.316978
0.215066
2.239693
0.574901
-0.754798
2.050347
1.865650
2.292815
-0.214266
1.143394
0.838936
-1.705670
0.525012
2.059325
1.008579
0.650382
1.767491
-1.273067
3.623356
0.087221
3.128048
0.200741
1.265631
1.982572
2.908510
-0.249278
-1.573316
1.051865
-0.092346
-2.546748
0.724697
3.116605
4.128849
2.138380
1.815823
0.053262
-1.673419
-0.989253
-1.329304
1.304493
0.821933
-0.798215
2.817050
-0.139380
0.209595
1.273171
1.089512
0.738644
1.835322
-0.004640
-0.100119
0.859944
-1.026089
3.993318
0.291282
1.363140
1.370428
2.459872
-0.547816
-2.305887
0.524662
1.741780
-1.406909
1.841367
-1.567295
1.227862
-1.622895
-0.181454
1.665061
2.843775
-1.787979
0.132155
1.326865
-1.248808
-0.566524
-1.355779
0.796104
0.125672
3.994552
0.258713
-0.506110
0.471861
1.784120
-2.602828
0.585058
2.605564
0.438267
0.813991
0.715600
2.269995
0.875882
0.256693
-1.142582
1.380353
0.510000
0.914668
-0.274861
1.918700
2.267471
1.065450
0.959917
-0.684724
0.473272
-2.337951
-1.893878
3.909006
-1.804621
0.597602
-1.239305
1.238365
0.203692
0.137854
-0.439701
3.732828
2.217075
2.470713
2.778839
-0.179524
1.004586
-0.297229
0.341617
1.539742
1.576776
0.575862
0.309004
0.580987
3.067755
-2.188992
2.894621
-1.496455
-0.457553
-0.793263
-0.022340
2.425277
-0.198616
2.200996
-1.906437
0.071490
-2.694643
-0.507401
-0.448298
-0.209431
0.201820
0.339701
-0.363328
-1.237762
-0.041143
0.752119
0.985250
-0.628330
-0.102827
2.086690
3.340665
-2.115900
2.007439
2.305748
-0.022816
1.808402
1.543170
-0.478352
1.064563
-0.484799
-0.686252
-0.426070
0.554267
0.818816
-2.427370
-1.303326
2.486044
3.751067
-0.791679
2.026169
-0.634474
4.338333
-0.450942
0.512003
-0.351545
-0.222437
-1.154899
-0.684667
2.385173
2.110828
0.111527
-2.840512
1.048013
2.209136
-0.116948
-0.034657
-3.555515
2.273411
0.642939
1.653463
0.167985
0.746080
2.457983
-0.522434
-0.132786
-0.719293
0.996297
1.888842
-0.965084
0.837977
0.901260
-0.888013
-1.127940
1.354793
-0.147120
0.256698
-0.014759
2.084368
0.629285
3.086038
0.991936
-0.702327
0.124330
-0.038172
1.533248
-0.758603
2.489646
0.120497
2.704984
0.050619
1.637911
1.449852
1.560281
2.352854
-0.305625
0.383791
0.674271
1.969347
2.565078
1.961127
-0.824513
-2.179421
-0.279116
0.221104
1.782459
-1.024521
-2.070981
1.481122
1.934251
2.127365
1.970771
1.034066
-2.419013
0.690042
0.812098
-1.374273
-0.691144
1.552614
-1.187312
1.014862
2.992342
-1.922964
-2.957283
-2.388189
-0.383567
1.532524
-0.113288
1.395728
2.053606
1.567783
-0.925449
0.461039
-1.210571
0.918723
2.305238
-1.436902
0.196582
1.571380
-1.352727
-0.276935
2.030433
0.318896
0.079847
0.884421
-0.560406
-0.158548
-0.077871
2.057521
-1.488893
-2.407736
-0.086824
-0.241191
1.200276
1.477207
2.217819
-2.358912
2.203204
-1.771710
1.082931
-0.290264
3.021404
-0.032001
0.206424
-0.416087
-0.552597
0.165975
1.269861
0.899182
-0.630372
0.023417
-0.195577
-0.296154
-2.160681
4.525201
0.917726
-0.200406
3.630742
2.714784
2.275658
-0.235072
1.538044
1.145999
2.253881
0.406648
-0.189639
-0.138523
2.910253
0.630306
4.391807
0.155669
0.563832
1.232627
-0.107859
2.123814
0.855379
0.154938
0.430976
1.801833
4.645665
2.898766
1.798817
3.889413
0.342786
0.517265
1.866149
2.066699
-0.414568
-0.249781
1.019112
-1.972479
-0.931783
-1.059394
2.864753
0.120492
-0.579536
-0.361091
0.954452
-0.477398
0.308747
-1.421997
-0.657326
-0.916511
3.662847
3.078011
1.423101
2.581302
-0.422781
-0.375021
-1.104042
0.576564
1.173088
0.709492
0.676571
-0.512120
1.171869
-0.779864
3.565374
-0.026470
-2.899641
-1.796485
0.888921
-1.315946
0.296071
-0.647941
0.127368
-0.468374
0.878929
-0.105692
0.660575
-0.770333
-0.581529
2.502098
-2.095724
2.314509
-0.837526
0.549928
-0.227558
3.256510
-1.277236
1.166918
-1.150291
0.456215
-1.658674
0.760252
1.161090
0.716936
0.505028
-1.608112
-0.575920
2.149987
-1.235837
1.028838
-0.177827
-0.340834
1.449581
0.086325
-0.188014
0.709901
0.412735
0.798851
1.741858
-1.651155
0.840467
-2.126720
-0.277984
-0.688938
-0.328681
1.066192
1.453947
0.582761
-3.769065
1.695338
-0.051172
-1.766096
4.595058
0.838275
0.297676
1.713480
0.171837
1.587884
0.035179
-0.846294
1.559574
2.332074
2.116494
2.214129
-0.179251
0.435562
1.253502
1.371051
3.140576
1.460044
0.973564
-0.391186
-1.576709
-0.225413
-1.336607
1.215211
0.219242
1.408015
-0.575439
-0.073468
0.639898
1.787191
-2.490396
1.119871
-1.372394
-0.930321
1.615931
-0.132598
0.524246
3.672467
2.290871
1.175537
-0.818963
-1.138593
-3.718432
1.092502
-0.870364
3.093054
0.334833
0.543022
-0.395875
1.537783
0.927320
0.261786
-2.068584
-0.595822
2.615169
-0.944280
2.743176
-0.019240
3.888919
2.233166
1.820409
-0.037978
0.627809
1.675223
0.576185
1.994504
1.783419
1.501299
1.185122
1.633121
1.882263
0.617595
0.496013
-0.144980
0.616706
0.052985
1.279221
-0.093759
1.250701
-0.326794
0.472250
-2.094570
1.414844
-0.508660
2.004031
1.023595
-3.282146
0.374177
-0.067185
-0.916175
1.425363
-0.522167
1.060612
-1.379532
1.627122
-1.385568
0.725257
0.603642
1.926481
0.355867
-1.290750
-0.221637
-0.088950
3.186576
-1.385110
-0.024483
0.161798
-0.796141
2.247260
-2.406696
-1.042776
0.141120
0.044477
0.398444
0.049323
-2.226928
-0.109050
1.546284
0.212828
2.909663
-0.272762
-1.025894
2.348835
0.075687
-0.548180
2.539029
-0.771042
0.255838
0.547287
-0.850432
-0.690363
1.352678
0.261438
2.670629
2.529190
2.965759
2.485440
0.204908
-1.926995
0.639684
-0.384186
0.263630
1.242181
0.908594
1.734184
0.690465
0.233859
1.058617
-0.656868
0.529137
-2.110813
-2.270441
-1.115762
1.891314
-1.318230
-1.336801
-2.541720
0.817761
-0.125442
1.207092
0.328939
0.026252
0.488759
1.894959
-0.413379
0.066541
1.289325
-1.083320
0.647283
-0.253375
0.629397
2.757733
-1.910270
1.135773
2.716343
-1.029400
1.423201
-1.310204
2.490522
1.080749
-1.227063
1.469338
1.629099
-0.119588
1.757162
2.077103
-0.532460
2.456333
-0.523730
1.544174
1.094585
3.045024
0.090698
0.983612
0.692834
1.672223
0.319071
-0.293572
1.124200
0.938898
-3.273612
0.360636
1.919826
0.891905
-0.143290
1.321381
1.428659
-1.119276
0.442581
0.568997
0.151841
1.291785
1.456073
1.829706
-0.797637
-0.013246
2.441576
2.431536
0.731014
-0.429988
0.463173
2.559736
-2.428947
1.034514
-1.714046
1.890685
0.782267
-0.367595
-3.120839
-1.194330
0.893848
0.105919
-0.573485
0.658295
-1.356923
-1.397285
1.147907
-0.728034
-0.049592
0.545719
0.782950
3.215724
-0.395138
1.971326
0.340783
1.005115
0.719027
1.711386
4.013102
1.671120
-1.385947
-1.290307
1.297646
0.221661
-0.737831
2.823748
-2.215246
-0.922406
0.058988
-1.472821
1.595926
2.536016
2.382845
0.045811
0.547964
-0.362090
1.903030
0.914061
-0.938518
-0.144959
0.708332
1.988115
-0.026007
-0.256226
1.169701
1.790740
-1.091176
-1.797203
-0.528559
1.676478
3.606688
-0.912954
2.767326
1.391129
0.440884
4.008768
2.689919
-0.383668
1.362417
0.519022
0.274010
-2.411399
-0.833771
-1.389482
2.479207
2.002526
4.226031
1.306563
0.180238
3.153136
-3.050047
0.599510
1.032704
-1.071459
0.393920
0.453171
2.966815
-0.018452
2.571939
2.184407
-0.683581
0.819234
0.927066
1.969242
3.451627
-1.459680
1.727356
3.296714
-0.790250
-0.921737
-1.159144
-1.361413
-3.315528
0.253891
-0.115384
0.725359
-0.928124
1.025776
-0.765729
1.482816
-0.904653
-1.273543
-1.489535
-0.617215
-1.142516
1.462671
3.273448
-1.299010
0.673964
0.119569
-0.209791
1.145231
2.983064
0.140045
-0.456206
-0.441832
0.691692
-0.650068
-0.986136
2.355111
-1.169064
0.866050
-1.056456
-0.588886
1.104378
-0.497999
-0.122229
-1.081689
-0.430995
2.146218
0.536449
-1.980321
-2.324182
-0.096968
-1.580271
-0.938576
-2.215037
-0.080505
0.301254
1.617795
-1.486331
-1.641045
1.329534
-0.349940
-1.835879
1.282193
1.082350
-1.347644
1.617578
0.455816
-0.033770
-1.123514
3.454786
0.779862
0.471503
1.052722
-3.420409
-0.838589
-2.062573
2.224831
0.895274
1.528046
2.278559
-4.028739
-0.172624
0.782899
-0.443776
1.919696
2.640390
2.680253
3.210485
2.398526
1.449184
1.934886
-0.590486
3.813573
2.895247
-0.520505
0.506475
1.108311
2.040943
0.456035
0.135251
-2.097904
0.528036
2.708138
-1.032454
2.347924
3.187280
0.507267
-1.972187
2.760079
1.375285
3.292591
-1.885795
0.999948
0.823855
0.249193
-4.392228
2.513927
-1.298249
3.313419
-2.083884
-0.587268
2.477123
0.323991
0.835413
1.179927
0.655892
1.343685
1.002587
-1.721987
-0.547044
-0.103759
-1.361464
0.168273
-0.362101
0.411579
1.843254
0.123637
0.356988
0.038287
-1.124230
1.431310
1.234654
0.994501
1.902404
0.335385
-1.315833
0.807848
-1.767609
0.532578
2.221179
-1.448830
1.260132
1.384927
1.295136
2.694638
0.463103
-0.748960
-1.650290
-2.883917
-0.104595
1.191415
-0.499040
0.719090
2.735606
0.562829
1.845187
-1.777629
-0.378511
-1.401631
0.122849
-0.311653
1.540006
-1.029144
0.236380
-0.543048
-0.032282
-1.307758
-0.341298
-0.100182
1.091779
0.731676
-0.506266
0.042447
2.269940
1.498970
0.617851
2.456206
-1.860742
-1.702733
0.088342
0.792672
0.369330
-0.361963
2.998866
2.963744
0.427519
0.635115
0.989041
1.657436
-0.611168
1.099658
2.162616
0.795163
2.572796
0.028490
0.691556
1.136762
0.468089
0.620774
-2.066896
0.929483
1.867752
2.550527
0.368003
2.003020
-0.571499
-0.752095
-1.107145
0.896303
2.783684
1.547445
2.229695
-0.777846
2.591309
-0.809629
0.184563
-0.788100
1.556985
-0.112250
-0.471956
2.844357
0.392500
1.133601
1.004256
2.069958
1.509647
-0.607995
0.625417
-0.664567
-0.048496
0.042173
0.520566
2.168965
0.919079
-0.950304
2.231876
1.674958
-0.716507
0.965433
-0.288528
0.491469
0.639656
-0.528838
-1.578240
-1.149481
0.220988
1.980978
-0.740961
-2.018070
2.103905
-0.029143
-2.083456
-0.627902
0.293461
0.391737
1.512403
-2.094154
0.364675
3.224538
2.254802
0.333817
0.621416
-0.938103
0.354235
-1.279560
0.551276
3.368497
2.322102
0.802678
1.879829
1.551514
1.546357
3.235891
-0.350582
0.112452
-2.467577
3.440271
1.120934
0.260311
-1.967148
-0.001671
0.087005
-1.206391
-1.073420
1.167026
-1.075677
2.907653
0.819511
-1.288544
-0.597557
2.241336
-0.651162
0.967147
0.219111
1.913800
0.520855
-1.835630
1.919145
-0.664411
-0.840486
0.494418
2.576648
0.250963
2.707690
-1.223474
3.922954
1.923260
1.261153
0.948891
0.165848
3.447236
0.882262
1.999344
0.090312
0.715670
1.324279
-1.472557
0.397916
0.751362
0.890090
0.864894
0.183572
-0.536479
1.780462
3.247288
-0.010341
0.367147
-0.891361
-1.105628
2.343760
1.269997
-1.214895
-0.324213
1.271017
2.422585
-0.677303
2.421264
-2.472552
0.089069
2.548329
1.241739
-0.620485
0.681556
-0.159551
0.458349
-2.146413
0.361597
1.549266
1.098179
0.140277
0.578947
1.631700
-0.153045
-2.258678
0.500004
0.264642
-0.767950
-0.073581
-1.249956
0.932254
0.165588
2.662714
-1.201246
2.408634
0.639844
-2.299195
1.393426
2.383801
1.320314
1.223731
-0.630663
1.029366
1.348237
1.100889
-0.242380
-0.822542
2.356996
-2.501543
1.225647
-0.683130
0.423436
-0.633259
-1.676230
1.468619
-2.029507
1.221408
-0.839872
2.488545
0.782688
-0.144196
1.578973
4.225740
-0.243952
1.917179
0.661453
-0.313620
0.427014
-1.063194
1.150006
0.718721
0.072398
-0.885897
2.433574
-0.942695
-2.570777
0.462087
0.581094
-0.855629
3.148546
-0.912130
1.450812
-1.268864
0.310290
0.681251
-4.016747
0.391049
2.794938
0.262215
-0.123172
-1.562283
-1.249557
0.205538
-1.159426
2.802819
0.779954
0.840223
-0.898861
1.011837
-0.575135
0.741829
-1.115158
2.109722
1.046773
1.182781
0.129599
1.316972
0.497096
0.841041
1.752825
-0.476984
0.500427
0.386967
1.687417
-2.702355
0.365025
0.726297
0.263675
-0.171697
0.391439
1.774465
0.385837
1.263943
2.621364
0.528500
2.407770
-0.854137
2.510810
1.420234
2.955040
1.998512
1.126797
1.242429
-0.142245
0.502252
1.414407
3.651975
1.922491
-0.286202
0.661620
0.898873
-3.573343
0.913585
0.746785
0.293209
-0.627808
2.229615
-0.438216
-0.645981
-1.750322
1.226700
0.419360
2.564714
-0.165525
1.725860
0.592215
0.282442
2.025622
2.624550
-1.492379
3.162936
4.370125
3.397761
0.708924
0.345972
0.625104
3.287659
0.587157
0.963342
1.065578
-3.781645
0.404205
0.452803
-1.400212
0.098760
-0.661047
0.910172
-0.734519
1.360366
1.425017
1.279207
-1.699549
2.040553
1.166017
1.442196
0.653920
-0.667541
1.467870
-0.233097
3.098432
-0.136903
0.902417
3.057337
0.975725
-1.791999
-1.008014
-0.603614
1.796744
0.945288
-0.447823
1.438365
2.047389
2.684910
1.499551
1.184899
0.040466
1.959415
-0.372360
-1.136483
-1.337950
3.722430
-0.353384
1.061863
-1.897445
0.707672
-0.271964
-2.490541
3.715928
-0.112063
-0.180866
-0.919134
-0.131959
1.804680
-0.396661
-1.569069
0.486787
2.735162
0.048048
0.798476
-1.537257
1.164983
4.764101
1.526145
-0.329654
-2.053819
-3.793327
2.073314
-1.001836
-0.972459
-3.713680
-0.942928
1.369721
1.039039
-0.484260
4.998658
0.332299
0.545747
3.554429
-0.727496
0.360174
0.072627
0.239538
0.475938
0.388382
0.233773
-0.364999
-3.202128
1.384771
-2.076003
0.193321
1.784798
2.664065
0.507092
-1.752968
2.600374
0.857242
0.245328
3.448898
0.754523
-2.092680
2.813305
-1.019740
2.246813
0.803064
1.272724
-1.885880
1.070138
1.272933
2.787935
1.179801
3.243725
-1.209361
-0.815590
0.826631
-0.482637
-0.273288
-0.559656
0.045205
1.340511
-0.773049
-0.644936
1.746657
0.590397
1.126983
0.575985
-0.464317
-1.583529
-0.010178
-1.241540
1.836160
-1.216676
-1.017481
1.668489
-0.650975
0.920330
1.240201
0.369470
0.410611
2.627008
-0.094678
1.427372
2.515748
0.414436
-3.324996
1.484947
-0.555881
1.496898
0.909719
0.264540
2.188728
1.547941
-0.978380
2.078790
0.753471
-0.187235
0.026165
1.223602
0.603344
1.542706
2.814061
-0.785015
2.707360
2.416731
0.573088
2.506706
0.770868
1.662718
1.706459
-1.191581
1.909935
2.209461
1.169253
-0.332289
3.700700
-0.540205
1.129932
1.316194
-0.491120
1.182014
-0.247069
-1.649826
0.310889
-1.065220
1.039461
-0.917364
-0.758332
1.964625
1.572940
-1.137799
0.000357
-0.039845
0.844132
-1.820162
-2.502291
1.533272
-1.119473
0.800315
0.567990
0.677406
-1.964917
1.090234
0.632992
0.078932
4.025863
-1.907623
-2.330704
3.292852
1.170152
0.464313
0.837936
0.611340
3.116123
3.468863
-0.015775
-1.666014
0.189076
1.851340
-0.044815
0.786620
1.090897
0.458496
-2.717391
-2.261365
-2.351074
-2.303643
-1.254846
0.866965
1.332234
-0.256713
0.429150
1.242547
-1.246853
2.558046
-0.136311
1.003203
0.954707
2.157749
-1.615941
0.819758
-0.263863
-0.464662
0.447148
-0.306990
0.973122
2.414199
-0.222002
0.416606
1.816031
-0.833178
0.025684
5.607584
-0.292589
-1.763444
1.205088
-0.956853
-1.573398
0.926112
2.877359
-1.299665
2.646374
3.148408
1.312369
1.142754
2.754623
-0.895337
-3.136192
0.714529
2.757382
0.485999
1.788825
1.068309
0.578439
1.313802
-1.435196
-0.031198
3.629802
1.310029
0.796856
-3.420601
-0.983996
-0.016623
-0.149390
-0.187904
-2.782658
-0.224627
-1.319273
-1.017188
3.510840
3.887370
1.436597
1.781749
-1.511813
2.012213
-0.580673
2.746569
-2.764997
-1.697173
-0.704868
-2.686949
1.925639
2.242853
1.805503
3.751743
-3.194942
0.371350
-1.671305
3.084378
2.096374
3.738544
-0.317302
-0.029752
0.275653
2.615254
0.590915
0.362894
-1.294927
-0.419613
0.991683
0.201155
1.481479
0.204101
1.297551
2.217897
-0.100700
2.430654
-1.148658
-0.086374
0.099307
-0.779420
1.272128
-0.809002
-1.581758
3.310185
-1.412265
-1.119983
0.871015
-0.874668
-2.358095
1.387313
3.221530
1.542796
0.225788
-0.390110
0.810844
-1.258756
-0.161233
1.081148
1.906814
1.066769
3.006812
2.876461
0.855477
1.583753
2.865161
2.400945
-0.597599
-2.132369
1.217131
0.654396
0.920224
-0.240319
-0.399399
2.198207
-1.530317
-0.966507
2.344242
3.982888
-2.668834
0.747359
0.959047
2.547832
1.988435
0.347247
1.045633
0.681446
-1.275127
-1.959769
-0.721894
0.105857
-2.117219
2.434151
1.337237
-1.946089
1.975891
4.666159
0.204504
0.641856
-0.719510
1.347586
-0.626798
0.378128
-1.055012
-0.264615
1.425467
2.869045
2.153092
2.352289
1.850106
-2.093438
0.205050
0.485999
1.276351
-1.276198
2.243475
1.959025
0.093406
-1.383381
0.404447
1.512326
0.306665
-1.895928
-1.606922
-1.996273
-1.589064
4.268414
-0.038613
2.266707
-0.613145
0.873881
3.780388
0.621700
0.998039
-0.278854
-0.745874
0.663223
0.128406
-0.418896
3.598089
1.287542
2.625734
-0.152816
1.449803
2.566708
0.578353
2.318979
2.603960
0.928088
0.960687
3.798366
0.583025
-0.537828
-0.084751
-2.151133
-1.050738
-0.840761
1.038749
-2.311299
0.442401
-2.527575
-0.212604
2.099508
-1.204271
-2.133863
-1.654625
0.244335
0.042454
1.507887
-0.783455
-0.344959
-0.341742
2.299705
-1.935451
0.989595
0.936597
1.716460
-1.683644
-0.773218
-0.431264
2.296503
-0.921026
2.128981
1.496845
-0.266800
0.074021
-0.640760
1.022709
2.577591
1.885910
1.441842
0.400129
-0.256587
-2.321787
-1.623959
0.328805
2.865774
0.350593
0.746822
0.007083
1.806166
0.883977
1.903433
0.700556
-0.036899
-0.968467
0.472765
0.212781
0.354267
-0.046049
1.514571
0.763142
3.660890
-0.607187
-1.984637
0.408650
-1.378925
-1.138308
1.261410
2.050368
-0.341288
3.135420
0.669526
3.116366
0.111834
-0.285051
3.269134
0.877391
1.705418
-0.426694
-3.417733
0.836418
0.785481
-2.706509
2.417392
-0.679577
-1.793810
-1.288926
1.599343
0.412275
1.676690
0.838836
0.453448
0.405295
1.885891
0.524411
-0.469901
1.397923
-1.158389
0.691787
-0.204931
-0.614173
2.522815
0.124338
1.212374
-0.612765
1.944120
0.393448
-0.884713
-1.007344
1.036309
1.739501
1.224177
3.226175
-1.065084
-1.279329
0.471239
2.342089
0.836188
0.412438
1.063643
-0.969087
-1.374379
0.309753
1.539581
0.899465
-1.169246
0.869050
2.344760
-2.569999
0.499130
-0.036514
-1.465777
-0.334476
1.175266
1.273281
2.021966
-0.533352
0.724487
1.023222
-0.586316
0.057486
0.317913
-0.632666
0.733321
-1.236856
-0.596136
-0.952542
-0.485044
0.964448
-3.455076
-0.827906
-0.055180
0.457222
3.935853
1.007053
1.018362
2.734771
-1.596897
1.788761
2.987148
-0.175252
1.358413
0.691000
0.549556
1.385357
0.369070
-0.089186
-1.130704
0.660159
3.273662
-1.155746
2.083967
-0.829099
0.597290
2.285055
1.109204
-2.382889
1.581529
3.170667
0.585438
-1.094782
0.620019
-0.264253
3.628922
2.979405
2.084151
1.254147
1.763832
-0.180687
-2.320352
0.993021
-1.408951
0.815731
2.418797
1.085412
-0.255810
-1.282415
0.620343
-1.575535
2.345447
2.446578
-0.073593
0.737259
1.652093
1.393723
-0.207756
-0.034673
0.070285
-0.632392
-0.879331
2.924325
-0.434008
1.061360
0.727183
1.911487
0.084441
-0.627014
2.343798
0.430705
0.178201
-1.243819
1.368351
3.813503
0.421699
0.293338
0.822395
0.633535
-0.257907
0.814007
1.465367
0.641208
-1.751823
-1.694112
1.114967
-0.193450
0.714898
0.315256
0.060196
1.705014
1.055892
-1.870581
0.715634
0.976339
1.843469
1.159047
-2.061323
1.719864
-1.654918
1.735728
1.242072
-0.457733
0.386575
1.492847
-1.580345
-2.385069
1.971878
-0.465681
-0.038830
-0.711989
-0.328217
0.208192
0.626760
1.347717
-2.628372
1.020203
-0.511978
-1.104508
0.199249
-2.382586
-2.308653
-0.588217
0.918149
-0.557728
-0.487233
-0.130502
-1.168469
-1.997299
1.060243
-0.046882
3.858660
1.768015
2.167634
0.850445
0.440862
1.447811
-0.367470
-0.707784
1.649622
-2.216189
3.222029
1.485561
-0.964771
2.834240
0.887339
1.852705
2.149361
-0.297214
-1.380949
2.814743
0.627551
1.556545
2.579528
0.272023
1.580026
0.883613
0.760509
-0.258355
0.901223
0.457870
0.847441
0.273752
-0.269921
-0.036471
0.910930
-3.738224
-1.973466
3.546425
1.009628
-0.542306
2.632148
0.685875
0.247136
0.067026
3.566138
1.114363
1.952908
2.399376
0.514246
2.968964
2.140545
1.011141
2.458310
3.406328
1.449309
-2.565998
2.880465
-0.883011
3.552407
1.601187
2.797342
1.048542
1.665210
0.805072
-0.662478
1.555266
1.357528
3.230648
-1.720826
2.556098
-0.852884
0.652917
-3.063267
1.139553
-1.387591
1.322497
1.485847
-0.052441
-0.923894
1.514769
-1.406202
0.680252
2.131708
1.847385
1.602099
1.362356
-1.547126
-1.112549
-1.938877
0.465038
-1.910065
-2.788944
1.567237
2.571319
3.264399
0.244838
1.046588
-1.848435
0.714047
0.591391
0.526322
-2.398499
-0.181381
0.153467
2.551106
1.407067
-0.068960
-0.718621
0.086350
-1.518187
3.382869
2.408276
2.911151
-1.515294
3.488340
2.877908
-0.033565
-1.147525
1.799927
-1.244287
1.076875
1.516220
-1.203124
0.687401
1.806580
-0.280717
1.111303
1.985786
0.919767
2.775049
-0.512047
-1.239374
-0.150556
2.032211
2.041065
0.257455
2.069958
-0.441008
0.068352
3.996178
-0.414016
0.886474
-2.552403
0.807523
0.467986
-1.325099
0.119565
0.243973
0.162237
-3.895116
-0.971171
2.288624
0.699382
-2.264906
1.169295
1.577016
-1.025619
-1.130528
-1.259703
1.300627
1.225824
-1.472509
0.948884
3.059400
2.614583
-0.081846
3.678956
2.407135
-1.826965
-0.225832
2.771458
-0.259544
0.790758
0.869535
1.350452
1.684715
-1.824619
-1.749868
0.043211
-0.363632
-0.450203
2.434866
-1.692964
2.046268
1.644636
-0.380898
2.066693
-3.964935
-0.827332
-0.385989
0.988228
0.157308
-0.114784
-2.549255
-1.167934
-2.269358
-0.242808
0.591003
4.679049
2.071294
2.557477
1.826035
-0.516911
-2.014113
-0.799334
-0.630395
-0.481641
1.790668
0.559224
-3.820704
-0.477197
1.430705
-0.269442
0.696305
-0.337159
0.952006
-0.859047
0.817922
1.483834
0.190970
0.214484
2.752055
0.743852
3.508052
1.251423
2.060726
0.801358
1.137591
0.218441
1.051924
0.366647
0.948045
2.438203
-2.755733
-1.195227
3.874227
1.831795
0.273718
-0.263176
-1.042190
-0.474655
-0.480872
0.332891
2.224708
1.394183
1.304412
-2.715215
-1.037643
1.202370
0.362850
-1.909871
0.238788
-0.779109
0.595328
0.083591
1.425096
-0.907525
0.480221
0.975687
-0.332962
1.217854
0.585054
0.531740
0.258528
0.790550
0.585480
-0.102732
-0.314565
-0.927637
2.049299
-0.291505
2.352206
-1.108737
0.247332
-0.471775
1.838143
0.906421
-3.385469
2.425177
1.959023
-1.075471
0.267093
-0.290969
1.598801
0.504718
0.268153
-2.317781
0.061839
0.428757
0.426780
2.076713
1.516917
0.934356
1.607044
0.513248
-1.025775
-0.780221
0.291958
-0.430857
-0.830421
-0.250497
-0.163113
1.439582
0.295555
0.617596
1.521220
1.245621
1.359721
1.010733
0.033629
-1.266941
0.869363
2.535808
2.488992
3.331549
-0.082969
1.017464
0.811053
-0.314609
-0.434294
2.869773
3.106011
-0.499528
1.461745
-0.516962
1.732032
0.333492
-0.325648
0.575170
-1.254129
2.690895
-1.882451
1.676743
-0.708712
1.614192
1.575148
3.261750
0.072430
1.456002
0.227690
0.123536
1.513867
-0.800218
-1.266171
0.699251
-0.454773
-0.244298
1.244874
2.040750
1.360798
-0.400513
1.114238
1.375805
0.171627
-0.520645
0.641686
3.132070
-1.345137
-0.028833
0.131578
0.566935
0.343245
1.160084
-2.032285
0.456758
0.189277
-2.681275
3.414526
-1.068642
0.152990
2.474243
2.019524
-1.797836
-0.128013
0.313853
-0.180745
1.398199
0.017110
1.405135
-1.279218
0.656440
-2.919178
-0.914060
-0.410518
2.298161
-1.595075
-1.272670
-0.214119
0.030168
3.159050
1.376084
0.811759
1.729229
-0.155184
-1.894863
0.805577
0.016385
-0.826129
2.589013
0.337213
2.039662
-0.201129
-0.251950
-0.826922
2.519486
-0.964965
0.613415
1.635195
1.165175
-0.979696
-1.472849
-1.536763
-0.401288
2.425896
-0.182149
-0.574396
2.230178
1.439966
1.588212
-0.019313
-1.178427
1.169401
2.934067
-0.501790
2.057435
-0.003180
1.581951
-1.693477
-1.048862
1.890276
2.993015
-0.851216
0.589152
-1.238130
-1.574228
-1.711336
1.456908
1.616910
1.699069
-0.115293
1.834816
0.936136
2.316004
0.032920
0.707895
-1.706272
-1.117854
-1.340072
0.348136
0.130727
1.148533
0.924644
-0.373191
-0.673019
-0.672188
1.241241
-2.061859
-1.276517
0.877731
-0.044523
-0.556221
1.530181
0.494309
0.885348
0.681840
-0.716324
3.862638
1.150598
0.692370
1.826300
0.498357
-0.455043
0.634316
-0.730127
1.337665
0.575601
0.992474
0.296589
0.197447
0.391729
1.665655
-3.382138
0.955818
2.102760
-1.900555
0.444210
-1.181695
1.206268
0.740064
-1.183929
1.927485
0.039532
-0.057951
3.161731
0.188202
-0.649709
1.937420
-2.081773
1.286133
-1.451339
1.918956
1.921130
1.516352
1.845842
1.465615
1.501653
-1.075635
-0.716589
0.059743
0.994443
-0.036463
-0.129188
-0.728349
1.289586
-1.462677
0.886327
0.336551
1.935981
2.206351
-0.111734
0.254327
0.182410
0.781496
-1.508914
-0.354166
2.345107
0.518480
1.786192
2.058734
1.465121
0.784314
1.560502
0.102764
-0.929104
1.805819
2.209089
-1.572764
3.146242
0.244907
-0.039705
1.093337
2.584374
-0.166333
1.010417
-0.520949
-1.889326
2.273182
-0.890728
0.338450
0.169631
2.448781
2.135845
0.844184
-2.769365
1.058209
-0.903893
1.928838
0.716690
-1.826572
-0.901970
0.060134
0.871170
1.672280
0.879886
1.079509
-0.751122
0.048660
0.362074
1.270089
0.414231
1.088148
-0.774698
0.110672
-1.558750
0.011061
2.926922
-3.137738
-0.398543
-0.202106
-0.303638
-0.388532
-0.199484
-1.763159
0.470506
-1.202891
-2.340082
-0.782133
1.486374
1.242832
2.677371
0.331094
1.529270
-0.335577
1.824786
1.265783
-1.926727
2.052664
0.598684
0.068370
-0.716898
0.810855
-0.269970
3.182501
3.034741
-1.375835
0.359980
3.365142
0.949128
3.775483
3.315639
2.237163
2.136971
0.399893
0.301019
-0.278526
0.756896
-3.294097
0.359171
-0.553837
2.699791
4.038153
2.309046
2.957339
0.096090
0.482262
-0.027645
1.102489
0.599172
1.033216
1.283723
-0.216487
-1.501517
2.317612
1.431487
0.142637
-1.472237
2.913689
2.025991
2.446511
-0.092077
4.985073
1.149224
0.223007
1.821026
1.003782
1.750412
1.063080
2.345909
-2.232045
1.518477
-0.432647
1.506291
1.463539
1.198434
3.743739
0.503555
1.943290
1.342810
-2.222613
-1.559611
-1.230783
0.141024
1.203110
-2.183341
-0.799750
1.056740
2.120577
-0.954763
-0.762668
-1.790099
0.693860
-0.576259
-1.738870
1.142743
0.768383
0.514843
-0.356981
0.603358
-0.847694
0.665601
0.766016
2.502849
0.472837
2.282782
-0.372284
0.375213
-0.326040
-1.772647
-0.973987
0.539908
0.553161
1.804323
3.139298
-0.927808
0.835467
-0.313281
0.862750
-2.252867
-1.810547
1.690057
-0.143817
-0.192136
-1.039475
-0.852138
1.578801
-2.260104
-0.449113
-1.666105
0.822944
-0.104680
-0.198722
0.757624
1.334670
-0.347134
0.010307
-0.639555
-1.556811
2.215972
1.478023
1.267531
1.919699
0.766881
2.260370
0.597367
3.485524
0.643471
0.521562
0.483605
1.932084
0.127171
-0.070917
-1.032942
0.070844
1.254806
0.105528
-0.200670
0.719446
2.771098
-2.081632
1.460685
0.828550
3.666432
2.147154
2.366347
-0.319302
-1.369332
-0.414402
1.092912
-0.483889
1.963273
1.709673
-2.072868
0.823346
-0.605630
-1.021399
-0.287803
0.186535
-1.613348
0.043594
0.957576
-1.960449
2.344795
2.426850
2.590737
1.712831
0.271477
0.961449
2.110819
-0.967686
-2.310205
4.107253
3.371585
-1.118834
0.560866
-1.033873
0.554860
0.537595
1.418414
0.944571
1.643991
0.709050
1.650104
0.462542
2.310964
1.733218
0.079090
1.259027
-1.136834
0.647679
-0.900641
2.257600
-1.660147
0.292425
0.568310
4.318642
0.829880
1.859246
-1.949939
2.268172
3.977887
3.511418
-1.600072
-0.607257
1.345933
-1.464130
-2.765645
-2.396467
-1.285098
1.882311
0.479426
1.498781
0.138110
2.637675
1.449194
1.193314
2.874741
1.029766
1.126192
-0.546904
-0.386046
-1.401743
1.594098
-1.365938
-0.786523
-1.587411
0.120935
1.291571
3.480964
0.648818
1.405703
2.436459
1.866477
1.621188
-0.277685
-0.278513
1.454408
0.327285
-2.122023
1.862872
2.143262
3.197200
1.025157
-1.460963
-0.129132
0.726307
2.827014
-1.512551
1.426561
-1.834800
0.202111
0.983942
0.320288
-0.623213
1.832392
1.521034
0.279828
-1.429053
-1.314661
-0.451349
-1.586625
2.755127
2.799574
0.633679
-1.388858
1.837255
1.971745
-1.339688
-0.503795
0.641873
1.220758
-0.430642
2.102374
1.790104
-0.152107
2.026059
-0.005286
-0.523309
0.659383
1.079314
-1.342304
-0.304298
-1.176882
-1.534338
1.428685
0.987563
1.871854
0.177307
-1.190176
0.871816
0.914946
-0.029419
0.076005
1.599932
-0.766608
-3.053070
1.200442
1.565990
1.070475
2.520854
-0.032796
-3.287627
1.670096
0.927837
1.565962
-1.577120
-1.073089
0.245436
-0.256958
0.032511
-0.137952
1.899184
0.515947
-0.260806
0.314884
2.330826
1.733827
0.279777
0.738942
-0.275999
2.025901
-0.716424
1.841132
0.649393
2.531289
0.687560
2.072496
0.611890
0.978231
-2.206196
-0.036280
2.086294
2.239165
0.001790
-0.515514
-0.832345
-0.112759
0.450317
0.132417
0.608622
-1.125617
0.019468
2.383311
-0.145011
1.662651
-1.532043
-2.518137
-0.698232
1.551106
-2.939770
1.491294
0.351311
2.030786
2.547042
-2.766840
0.113546
0.668915
1.021513
1.444868
-0.972023
1.119285
1.051291
1.349594
1.458152
-0.966112
-0.010287
3.597334
0.442651
-3.321593
3.342054
2.159243
0.424817
1.552810
0.625812
1.660342
0.111128
1.751837
-0.784294
1.419528
1.293737
2.531723
-0.056473
2.339448
-2.327413
1.849251
-2.007754
1.389601
0.682168
2.713167
3.136006
-0.876021
-2.115963
0.376663
-0.236326
-0.934602
-0.052184
-1.162022
4.066605
3.353727
-1.508803
1.095902
1.651155
0.651737
-0.891966
-0.422280
1.338214
2.588393
3.339046
-0.917065
3.730855
2.389891
1.005840
0.592367
-1.371758
1.194345
-0.392383
1.898758
-1.313291
-0.640229
-0.547102
1.886523
0.465246
-1.662053
-1.935020
-0.626861
0.010692
-0.573752
1.619251
-1.795959
0.297419
-0.311377
-0.272666
-0.989122
0.930427
0.842532
0.702180
1.488699
1.701896
-0.282875
0.422341
0.682187
3.813258
-1.720626
2.369415
1.183314
-0.143470
-2.078218
1.241788
0.227564
-0.279834
-0.370074
-1.866400
0.286080
-1.212659
-2.077530
3.367947
-0.943292
-0.815624
-0.417010
-0.196389
0.535317
2.014382
-0.996884
1.718284
1.793725
-0.401320
1.297333
0.432019
2.873357
0.353971
1.446239
1.728982
2.386055
1.419622
4.224529
1.633342
-2.375957
3.065917
-0.861685
-0.157831
0.025205
0.624250
-1.320797
-0.073599
0.393531
0.899036
1.390352
-0.837680
-0.502306
1.492755
1.394450
0.113533
0.732396
-0.848417
0.926568
1.252275
0.101473
-3.800588
0.262107
3.581689
0.358339
-0.127872
-0.697795
-1.470040
0.449908
0.748055
0.114587
-1.078597
2.088353
-2.686876
1.243783
1.146864
1.530724
0.986324
-0.399756
2.042481
2.757801
1.693495
-0.814364
-1.035375
2.171552
0.892757
1.077834
1.159836
-0.951409
3.242602
0.066915
1.350588
3.761317
-0.261577
1.289640
3.531666
-1.165660
0.425915
1.612292
2.462622
-2.161180
-2.515020
1.559519
2.048209
1.427493
-1.857435
0.738374
1.046473
0.920798
-0.579433
0.785958
2.332578
0.694638
1.438998
1.635198
0.344004
-1.000467
-2.141589
2.063645
-1.160516
2.403760
0.342058
0.569071
-1.671596
-0.264153
1.198368
0.742408
-0.235049
1.453465
1.413239
2.310308
-1.525160
-1.441232
-0.279795
0.991389
-1.046099
-1.846022
3.849163
2.058475
1.861978
3.164690
0.361524
-0.774958
-1.930908
1.266460
-0.589905
-0.021568
-0.306065
1.984408
2.690415
1.295203
2.236470
0.491566
-1.121345
0.067074
1.514981
3.801020
0.118739
0.900718
0.039142
0.199371
-1.012528
-3.320603
1.181716
2.874804
-0.838619
-0.895468
1.781314
2.263265
2.111418
0.092511
0.069763
-2.018554
-0.332444
1.121745
-0.030392
1.708326
-1.840534
0.249553
2.165745
-0.978237
1.031648
1.710221
1.075978
0.880174
1.990183
2.052279
-0.915466
1.507295
2.763081
1.202157
0.292823
-0.981801
-2.084503
2.635571
3.249587
-3.182107
-0.205392
0.547118
0.492977
-2.809076
3.162012
1.955855
0.088529
1.433308
2.418686
-4.081586
2.504488
1.413725
-0.423737
0.371497
3.402423
1.308128
0.425800
2.269336
0.346128
-0.331397
-1.297258
1.174664
-0.561493
1.279594
0.658553
-1.984215
-0.820658
1.677502
1.214694
2.679923
-0.311504
1.631828
-2.107516
-0.049473
2.964194
1.868730
-0.297875
-0.047176
-1.170964
1.439474
0.678769
0.489476
2.071012
4.675590
-0.384768
0.075578
-2.240082
-1.398624
-2.564236
0.096782
2.699149
1.730255
0.077321
-2.349172
-0.622135
-0.682342
0.019396
2.712701
1.306094
0.020010
-0.426096
-0.046156
-1.419340
0.044332
1.329456
2.604290
-2.111593
1.185004
-0.325374
0.520125
0.530388
-2.677557
1.208011
0.383304
-0.300665
-2.018511
1.780130
1.820832
-3.278621
3.323763
-0.541749
1.450244
0.967305
-3.509717
0.115094
0.930089
0.255361
-1.503862
0.205157
2.663639
-0.005145
-0.770588
1.057245
0.158757
2.631239
0.051239
-0.925478
0.770107
0.535825
-0.650756
1.377184
2.319330
-0.581057
4.835836
-0.754402
3.467334
-0.981338
-0.979162
0.480231
0.123577
-1.185781
-0.223003
-1.469421
1.225215
2.204758
-0.228659
-0.222178
0.619520
-0.643784
2.395129
0.039910
0.846335
-1.026423
1.309297
0.071515
1.592434
2.192396
1.100475
0.517552
-1.381022
-0.054310
-0.882683
1.538427
1.975053
-1.861569
0.735654
-0.800792
0.330899
-0.630123
1.095873
2.358570
0.154194
1.663134
1.759067
1.495283
1.680094
1.087334
0.730480
-0.748676
1.103167
0.467986
1.884017
-0.503875
3.246301
-0.769013
2.118307
0.647649
-0.043909
1.465002
0.591159
0.275968
-0.579206
-0.451789
1.849489
2.622911
1.910326
-1.278974
1.809954
-2.351908
0.333860
1.478458
1.142098
-1.910652
-1.534656
3.295342
-0.936268
0.088789
0.958119
2.197337
-0.125705
1.004684
0.094294
0.809009
2.257972
1.741327
0.530937
-0.092591
-0.144541
1.560913
0.978178
-0.744884
4.332741
-1.681880
0.906431
4.560142
2.745607
-0.385155
0.398214
3.257845
-0.600070
-0.276485
0.909874
-1.393508
-0.816125
0.764577
2.851012
-0.727734
0.273111
-0.891984
-1.338416
1.294684
3.032753
-0.983723
-3.587973
-1.407833
1.610439
2.664471
-0.486945
1.940854
0.569946
2.590132
1.214035
-0.625057
4.853373
1.807733
-1.018187
1.452227
0.190546
1.446600
1.498735
1.589284
-0.373430
-0.683089
0.412264
2.147253
2.007341
0.766901
1.647682
0.781821
0.226159
2.415901
-0.009774
1.405815
0.681876
-1.465593
0.966571
-1.192806
1.684656
-1.002959
0.840980
0.162279
1.768868
3.531318
0.485702
-0.477903
-0.747338
4.402644
-0.215453
-1.590199
1.501526
-0.816594
-2.326122
0.205105
1.147198
2.207139
1.914957
-1.253925
-0.074506
-2.155260
-2.820427
-1.676672
4.733285
-1.078829
3.794780
-0.044742
-1.744808
-1.489937
-0.073090
0.211978
-0.754416
2.222636
2.458729
0.867766
1.091170
1.194995
2.260987
-0.881202
3.793078
2.100282
1.060502
0.035902
0.327350
0.171686
-0.967836
-1.383559
0.366277
0.906982
1.552249
0.966569
3.350960
0.254075
-0.482883
-1.690287
-1.903677
2.763782
1.012286
1.015724
1.798438
0.187807
0.186149
0.322980
0.861985
0.084302
0.254270
-0.936553
0.721827
0.852012
-1.358548
-0.911489
0.162476
1.811721
-1.108929
1.217299
-0.671245
-2.970285
0.700968
1.266299
2.060797
0.709426
2.617469
-0.905140
0.739331
-0.564936
-0.625810
0.596157
0.605522
-0.689939
0.572810
-1.648027
-0.935970
1.667531
-1.708297
1.487346
-2.343653
1.170580
-1.957819
2.275207
-0.545241
-0.010098
-0.099915
-2.145973
-1.789669
0.097455
0.263009
-0.222140
1.385304
1.161840
-0.826890
1.463922
-0.221024
0.299030
0.273475
1.640636
0.712683
-2.750611
-1.492267
-2.158022
2.307234
-0.109652
-1.192898
2.003356
-1.754231
3.530127
0.085281
0.550612
0.615954
1.458033
3.131583
-0.932085
-0.009578
1.396101
-0.524441
0.042683
-1.128954
-0.009778
1.370030
3.526827
-1.293301
2.200069
-0.866383
0.680556
0.148907
1.087698
-0.220466
1.005962
2.119268
-1.173273
-0.170761
2.180798
-1.836514
0.359717
0.026514
-1.489049
-2.310779
1.271301
-0.385765
3.084343
2.620289
-3.158492
-2.783958
2.001498
-1.089476
1.176160
2.706673
0.900370
-2.393592
1.810364
0.727039
-1.487071
-0.110753
-1.077678
2.304032
2.398715
2.376684
2.401487
2.012918
-1.955117
1.091395
-1.984388
-1.889648
0.822674
0.970527
0.750529
2.226882
-0.231727
-1.437371
0.493449
1.262899
0.309137
2.535776
-0.217035
-0.222504
0.221523
2.063323
2.992658
-1.679697
2.586150
0.567336
0.888606
1.077093
2.671789
1.290998
-1.608440
1.896745
2.729027
-1.781809
0.242773
2.840840
4.996310
-1.014692
-0.657101
1.875866
0.857141
2.471424
2.078662
-2.780214
-1.275597
4.168126
4.137578
-0.377522
-0.344232
-1.691805
0.847685
-0.601537
-0.803799
1.911487
1.459329
1.821969
1.848471
1.450558
0.063878
0.727010
3.441714
-0.225033
0.126265
-1.955798
-1.956650
-1.296460
2.480314
-2.447289
0.922659
0.290966
-0.571915
0.805571
2.096165
-0.900651
2.993111
1.233636
1.568329
-0.172451
-1.141785
-1.318302
-0.308175
0.179630
2.414953
-0.610281
2.610889
0.608082
-3.078411
-0.226707
-0.955165
2.250164
2.129133
2.710923
0.261546
-0.853662
-0.160118
1.559204
1.646163
-0.101916
-0.017562
0.479943
-2.999414
2.330405
-0.554026
3.854040
0.964178
-1.500233
0.110441
1.116391
1.471066
2.608543
-2.345022
-2.163774
-0.058203
-0.086985
-0.786551
0.750400
-0.053711
0.290688
-1.007830
1.808857
0.091369
1.928385
0.780738
1.872232
-5.307539
-1.243954
-0.964736
0.989991
-1.839033
1.189838
0.376280
2.688736
0.329552
0.720897
-0.394354
2.306845
2.291980
2.649125
0.546724
-2.049967
0.806113
-0.875002
-1.772571
0.930067
1.555986
-0.416841
1.690949
-0.223408
-0.028981
-1.663488
0.746083
1.693105
1.579433
2.608191
0.225831
2.254344
2.073281
1.332164
2.944957
0.144658
-0.181429
0.937751
3.280588
1.414335
1.448024
-0.911006
-0.462813
1.353857
2.584000
-0.975077
0.240632
1.739146
1.978941
0.074363
0.121693
2.378933
0.505429
-3.023055
1.626444
1.850259
0.361706
-0.068181
0.927169
1.806843
-0.296764
-0.400981
-2.656368
0.894398
1.929894
-0.414255
-0.522190
2.058050
2.124684
-1.445325
1.723812
2.028073
1.806963
0.435952
-2.992614
3.935142
1.274804
-3.092374
0.986776
-0.382670
2.222537
-0.182647
1.460872
2.684926
0.204788
0.528010
-0.222178
0.034642
0.620523
1.039309
2.239792
-1.276362
-0.836385
-3.032869
0.983204
1.454240
0.052846
0.535898
2.998109
-1.710198
0.279204
3.708785
0.294951
1.208463
1.783591
0.153188
2.043329
0.703312
-0.115689
1.838289
3.595472
-3.150775
0.222333
0.695904
0.554298
-0.182892
-1.293465
-0.757371
-1.172142
0.540165
-0.530516
1.820554
0.111551
1.050651
0.160198
2.793478
-0.000586
-0.308492
0.114553
0.148414
-0.318978
0.108525
-1.604567
1.767747
2.232891
1.086657
-0.625414
0.502945
-1.867817
-0.017364
1.150749
3.627817
2.293590
-1.276667
1.454898
2.228107
1.890480
0.942165
3.148966
0.600793
-2.189668
0.695929
-1.139586
-1.331013
-1.316942
1.404431
2.060103
-2.683242
1.678505
-2.317484
-1.804243
0.546970
0.909244
1.691055
-3.702067
1.556699
-0.644305
-0.711272
3.169804
1.450961
-0.131806
0.130755
1.448863
-0.162689
0.783582
-0.273538
1.216458
-3.018678
0.556922
-1.783199
2.779853
-0.557201
-0.651069
-1.316782
-0.191427
1.216339
-0.424641
0.889308
-1.521233
0.391216
-1.223279
1.858096
0.039105
2.954157
-0.073938
1.373049
0.101694
1.868384
0.814641
1.846660
1.345101
1.169581
2.158029
1.414050
-0.054273
1.023753
3.838490
-1.061539
-1.488910
-0.377054
0.370151
2.725631
2.457324
0.452735
2.845914
0.677464
0.309965
2.406873
-0.856802
1.842617
2.062994
1.543445
0.709278
-0.644586
-0.988292
3.096422
-0.539530
2.119803
1.141336
-0.995764
1.560864
2.560906
-0.461337
-0.501199
-0.290474
0.682598
-0.870947
-0.792463
0.835158
-1.195158
-1.362942
2.499573
-0.497228
-0.303240
1.708964
1.904578
1.255454
-3.522977
0.239235
-0.118933
1.646271
-0.654833
-0.302224
-0.118977
-0.114483
2.539917
-1.375743
0.355550
0.233642
1.692742
0.806387
2.281197
1.819577
1.039272
2.004721
0.375022
-0.389483
1.816708
2.601136
0.829976
0.446426
1.417794
-1.025962
-0.113218
-0.991853
-0.750764
-0.876543
-1.420952
1.579822
-0.244036
-2.678531
2.533630
1.640954
1.564282
4.245383
1.511473
1.217679
1.158440
-1.157508
2.872916
-0.177500
0.109036
1.018664
-2.392940
2.269262
0.286738
-0.330356
0.854794
-0.024755
1.809928
2.311422
1.305582
0.190409
2.257322
0.219271
-0.295552
0.557507
0.609462
3.558089
-0.794663
3.230766
-0.194554
0.272732
-0.686146
0.881162
0.293234
1.102365
1.226475
0.921432
1.282492
2.895562
-0.593597
0.611386
1.405515
1.109912
-0.189547
-2.737934
-1.107725
-0.234900
1.601889
2.599194
0.792534
-0.972926
1.224749
1.373929
1.923974
0.623878
0.938712
1.524184
2.862196
-0.362744
-0.811966
1.248342
0.100696
-2.113503
1.013552
0.894144
0.351963
-0.173687
1.317461
1.825647
-0.624749
3.416977
2.340250
-1.024860
-0.593013
1.891618
-1.316329
2.121644
0.872207
0.194567
0.732433
-0.096210
2.098598
0.805022
2.236475
1.348969
-0.033008
0.205986
1.824175
0.868184
1.215684
3.104041
0.259502
-0.533865
1.865904
-3.883813
-2.033419
1.684994
0.408451
1.835934
3.086979
1.802846
1.213757
0.323350
2.118573
3.875398
1.155308
1.338386
1.534145
2.048648
1.831342
0.584024
0.162692
2.641486
0.583966
2.471151
0.512411
1.564283
-0.055286
1.635587
0.934178
2.187073
-1.019189
-0.854506
1.901778
1.718797
1.683486
0.252458
-2.119684
2.283590
-1.750317
1.081604
1.833236
0.157511
1.654017
1.181931
-0.011466
1.538446
0.707452
0.977066
1.114240
-0.653634
1.012060
0.125914
-0.796959
0.609899
-1.457878
1.061733
1.598144
-1.571008
1.728747
2.048781
-0.524159
0.910765
0.468431
0.047482
1.417536
0.384860
-0.981406
-1.017624
-0.727935
2.349201
0.044815
1.359007
-0.584427
-0.630744
0.497723
1.476297
-0.118013
0.269771
0.727565
-0.086387
-0.650336
-1.893638
-1.004587
-1.161707
-0.716134
-0.771637
0.417494
-1.657297
1.225714
1.812395
0.320866
-2.406978
-1.107645
-1.017106
0.051721
1.086820
-1.616890
0.302592
0.847999
-0.308661
3.378867
1.321967
2.347582
0.292017
-0.365599
-0.377834
1.199327
3.302984
1.842075
3.146910
-1.017948
2.137999
-0.112322
3.504463
-0.957799
-0.607178
1.374921
2.589756
0.671659
1.895123
-0.870154
0.691507
