-0.063711
-0.326197
2.712913
3.472887
-0.176207
0.875512
-0.042920
-0.135955
0.495142
1.817647
-0.141330
-1.424873
0.859670
-0.999776
0.089927
1.219864
-1.030318
0.127860
1.696726
0.980926
0.047209
0.095655
-0.114233
-0.414982
0.495455
3.573045
0.310957
2.758512
-0.555629
0.873273
1.194484
-0.067416
2.390334
-0.194052
-0.879476
1.704775
-2.860869
2.222214
-0.969902
-1.011020
-0.285651
1.919341
0.693471
1.111141
3.555037
3.084016
1.078263
-1.827519
-2.893171
-0.638895
-1.050877
1.042400
-1.216445
-1.147228
2.461303
2.322586
0.253834
1.171621
-0.454187
-2.839184
1.970512
1.047167
-3.613395
0.211539
2.210041
2.692956
-0.961187
-2.145551
-0.289974
0.744585
0.991059
3.147051
-0.487100
-3.397658
-0.752402
2.809649
3.361711
0.433457
-0.068715
1.117228
1.791547
0.810741
1.307851
0.222088
-0.153735
0.746629
-1.124019
1.283515
1.703336
0.874543
1.446591
-0.562314
2.048889
1.037688
-0.130156
-0.687398
0.772148
1.707668
-1.656678
-0.187623
-1.604802
-0.936781
1.709218
2.032861
-0.197475
0.046676
1.190709
1.092814
1.999490
0.212260
2.396852
2.465311
3.245777
0.707361
1.921130
-0.906553
-1.990065
-2.059793
1.521567
0.141125
1.786528
2.945193
0.978028
-1.053632
3.525628
-1.116591
1.808504
-0.163045
-1.379298
-1.234547
-1.114582
1.051256
0.231735
1.030952
2.296241
1.261303
-0.610162
-1.347116
1.447517
1.270355
1.051346
1.138599
0.023464
0.611867
1.639130
1.845528
-1.462460
0.738574
-0.283645
-2.423175
-1.285951
1.768703
-1.584527
1.236115
-1.678838
1.044441
-1.355965
1.023702
-0.947800
-0.196730
-1.162316
0.894310
1.922955
-0.224110
1.500181
2.780190
1.235908
2.975285
2.178350
0.111786
2.543939
2.003615
0.396246
1.116304
-0.048669
-0.329128
0.725710
1.844418
0.421348
-0.623283
-0.455702
0.326155
0.139825
2.173227
-1.828013
-1.034930
3.007624
1.294356
-0.391720
-0.970168
1.906915
3.072310
-0.493418
-0.199018
2.282095
-0.763951
-1.287212
-2.692231
2.468981
0.435291
1.995183
-1.106226
-0.959147
1.573834
-0.505653
-0.048598
0.478499
-1.025697
2.438028
0.108431
2.528506
1.233701
2.808496
-1.517056
2.652674
-1.074542
2.747761
0.920856
-0.922142
3.509441
0.044795
0.400519
-0.669134
-2.104599
0.839739
1.302474
0.763265
-2.134890
-2.579367
1.166646
2.083948
1.414224
-0.777979
0.057797
1.171969
1.062196
0.527971
0.521352
0.305352
-0.873807
1.372967
3.032122
-0.241928
0.482915
-0.869745
1.725227
-2.253164
-0.021471
3.178672
2.067365
-0.987153
1.925448
2.652908
3.244393
0.751679
3.146905
-0.562908
1.086775
0.251476
2.406465
0.908229
0.184852
2.338456
0.469299
0.474972
3.050626
1.905880
-0.343963
1.569281
-2.119624
-0.678263
-0.260994
-1.196941
2.149285
-0.351796
-0.118483
-0.485628
-2.905308
1.492802
1.467792
1.384145
-0.753847
-0.662973
-0.092444
-1.899388
3.670393
-4.793386
1.605828
2.125791
0.228383
0.789576
-0.305108
1.922449
0.151656
1.648321
-0.490935
1.118050
0.071952
-0.992103
2.035464
2.065440
0.789476
2.054937
-0.211428
1.539055
-0.221194
-0.930358
2.064988
-0.055769
0.832123
-1.995285
-1.707247
-1.269098
3.153131
-0.875748
-0.342563
-0.526315
0.980316
-1.177590
0.837524
0.751599
0.191248
-2.115517
1.131354
0.626092
1.874523
-2.310106
0.744435
-0.355406
0.165399
2.959391
1.983257
-1.150760
-1.119422
0.088833
-0.866774
2.104173
-0.216510
-1.262449
3.124007
-1.108571
1.090716
3.059676
-0.025489
-0.086924
0.170670
-0.862531
0.016330
1.032705
1.555709
-1.020800
1.996815
-1.012801
-0.716159
-0.508344
-0.829387
-4.284474
0.554798
-2.117259
-0.920771
0.832980
0.928448
-0.006101
1.842357
1.446981
1.943357
-1.053280
-0.642543
0.260217
3.738966
0.391738
0.345425
-2.013597
-0.157200
-1.954248
0.735785
1.108856
0.828747
-1.980160
-1.207618
0.899268
0.528038
1.276812
-0.038145
-0.856153
0.286036
0.737279
-1.823499
3.220184
-0.886601
0.021392
-0.019206
1.624181
1.921337
2.098695
0.074840
-1.340090
0.518791
1.027955
-0.118267
2.330518
2.369734
-0.360892
2.657990
-0.093817
2.019096
2.200687
0.207211
-1.747780
-1.142748
-0.540958
0.041670
2.243966
0.334471
0.570272
-2.081884
0.587966
1.510570
2.995481
-0.907949
0.672571
-0.667716
0.325561
0.717340
-0.410689
-0.320141
-0.117025
1.442114
1.010991
-0.466957
-0.721858
-0.792744
1.600802
-1.840892
1.664600
0.739485
1.083234
1.686249
0.133412
1.204730
1.458893
2.456770
-2.472166
-1.554328
-1.584695
0.161552
1.008408
2.409566
1.809825
-0.299073
1.132875
2.449866
2.127777
-0.203408
-0.683186
1.763903
0.486491
2.651255
1.035704
-1.464137
0.116762
-2.646256
-0.565518
-0.678191
-1.364102
1.476686
-0.113757
1.027777
2.364642
0.046707
1.333002
0.710023
0.177881
-1.174323
1.026775
-0.721806
4.472234
-2.396244
1.628201
-1.773743
-0.105317
-0.569702
2.289991
-0.338700
1.687943
1.992819
1.524212
-0.819417
-0.570144
-1.179864
1.262507
1.549337
0.243588
1.299064
2.418591
2.336412
2.101001
-0.169720
0.126183
0.507574
3.742591
-0.048267
-1.078372
-0.739837
0.917219
1.994173
-1.596913
-0.521981
0.832336
-1.740364
-0.813699
0.513026
0.241696
-0.428013
-2.948264
3.701539
-0.009045
-0.402416
-0.192618
-0.476964
-0.386761
1.934608
1.197437
1.838042
0.859272
0.552779
-0.920632
3.249192
2.537929
-1.643287
0.934952
2.684824
0.497900
1.110839
0.658835
1.627520
1.260525
-0.179933
4.718909
2.042757
-1.390594
-0.812070
1.846550
-0.420283
1.800769
0.363103
1.897397
1.105115
2.244056
1.010472
1.496094
1.042199
1.990062
0.796046
0.410130
-2.376113
2.043321
3.493360
-0.345468
1.009249
0.724803
0.089520
1.706145
0.234339
0.359117
1.479014
1.611255
0.177556
1.771641
0.220686
1.219232
4.548666
0.584171
-0.859809
2.452492
0.545485
0.048719
-2.495802
2.117998
2.209228
0.872446
-0.864184
1.336352
-2.054864
1.274844
-0.128772
1.035339
-1.067891
0.646541
0.676830
0.675543
1.818815
1.150024
-1.570709
-1.604849
0.496943
0.331183
1.390647
-1.278280
-1.020593
0.499279
-0.352603
-0.456373
2.038789
1.171478
0.575492
-0.902728
0.904411
3.410313
1.419752
1.734199
0.866135
0.596550
-0.392954
2.687276
-0.035472
1.653546
4.464241
-3.257188
0.580408
1.281770
0.128794
2.500129
0.032461
0.908013
1.016799
1.942911
-0.122120
2.549574
-0.142758
0.726597
1.314179
0.745143
-0.623485
0.754583
0.367466
0.657009
-0.064513
3.814403
1.699161
-0.017281
2.091179
0.565801
0.981860
-0.221256
-0.766893
-0.512292
1.349591
-0.031527
-0.517785
0.672626
2.053551
1.212064
-0.912054
0.039024
1.526098
0.479549
1.139097
2.295253
-0.011944
0.334337
-1.741831
0.442353
0.965681
-0.747721
-1.241116
-1.764024
0.665586
1.838967
2.728638
-2.813090
-4.286629
-0.511715
-0.536264
-0.774638
2.266523
4.103332
-2.861859
-0.110297
-0.423188
2.119056
1.394496
3.264031
-0.274181
2.551745
-1.302767
-2.365271
-0.427568
2.740646
-1.535743
-0.658554
-0.009102
2.074490
1.360719
-0.656459
2.390398
0.212211
1.337212
0.029417
-1.420615
1.483178
1.502783
0.926848
1.739689
1.200351
3.479164
-2.776180
-1.999805
-1.151005
0.628593
-0.654906
1.637483
3.660522
-0.169429
3.747818
-0.614626
-0.764708
0.147419
0.659266
-0.874515
3.691660
2.400435
2.532821
2.651776
-0.248621
-0.043724
-0.064307
0.211932
0.318960
-0.729794
-0.578359
0.633741
1.053939
3.514006
0.065920
1.452915
-1.218292
1.553039
-1.100052
0.471443
-1.788334
-1.830230
-1.610567
-0.482633
-0.151870
0.664396
0.732821
1.665438
-0.869309
-0.861135
2.380955
-0.151012
1.132836
-0.771536
-1.269666
1.376663
0.693985
0.188157
0.873329
1.236449
0.089660
0.046698
-0.639491
0.771563
4.962319
0.928528
-1.243611
2.664546
1.486112
1.563273
-0.808203
0.947670
0.407107
0.124445
0.125315
1.202462
-0.833575
1.289498
0.155995
0.873433
-0.471869
0.537841
0.671908
0.691793
-0.031804
0.421077
-0.547418
-0.173659
-0.557796
3.148111
-0.100165
1.193529
1.325966
-0.031461
1.134947
0.199379
1.215640
-1.883570
-1.317849
0.719263
0.014033
0.145842
2.705013
1.080310
4.214274
-0.491796
0.976633
-1.186516
2.299550
0.714455
-2.187347
2.294545
0.054591
0.146007
0.033891
0.920464
-0.257266
-0.409535
0.322110
1.289681
1.912074
1.001379
0.513200
0.432818
-0.577964
0.559129
1.318911
1.450298
0.272626
1.182553
-1.000391
1.208910
0.448826
0.312137
1.225557
2.649786
-1.271763
-1.564751
0.293668
1.683847
3.358164
0.052323
0.187869
0.221594
1.765484
-0.701722
0.380092
-3.084108
0.810518
-2.260344
2.240834
0.724526
0.067092
-1.167924
-0.090007
1.967518
2.535396
-3.114243
1.902735
0.161969
0.560320
-0.911606
-4.705813
-0.889380
-0.233755
2.197155
1.612676
-1.597802
1.190515
-1.212876
1.517760
1.296331
0.651643
1.285344
-0.853288
0.168795
-0.377672
-0.311988
1.663213
0.190899
1.351090
1.473498
-0.941197
0.083549
-0.411286
0.530588
2.859862
-0.001374
-1.495089
0.467192
0.522255
-0.673974
-0.405804
2.214657
-1.044340
0.999870
0.541967
2.770539
2.070779
0.236183
0.916077
-0.390161
1.121929
-2.090885
-0.541184
-1.095345
-0.267591
0.231027
2.163198
1.038408
0.304141
1.529322
1.994544
1.952829
3.144308
-0.875056
1.290253
-1.698965
1.711458
0.710548
0.400513
1.354441
-1.177049
1.297208
1.614784
0.059934
-1.288730
-0.375377
0.840424
-1.076812
0.088952
5.158112
-0.088001
0.487821
-1.411280
-3.603449
-1.232254
0.881450
-0.653001
2.135600
1.542200
1.418872
-1.606450
1.536144
-0.068532
0.130562
-0.722371
1.169094
0.553689
-0.097496
0.185693
0.708698
1.530119
0.351209
2.840859
-0.491114
0.339147
3.599133
3.306124
-1.767306
1.374131
1.739260
1.123708
0.180478
2.406095
1.110194
2.845287
3.123996
2.220636
0.859448
-1.984536
-1.124985
-1.411601
-0.934899
3.383834
1.041924
1.032071
0.808205
1.692648
1.306535
-0.957451
0.831087
-0.910782
0.277093
-0.476865
-1.539249
-0.231258
-1.237849
1.783238
1.113180
1.500370
0.022054
0.076423
2.285769
0.691466
1.383394
-0.431059
-0.143123
0.695737
-0.422761
