-1.981587
-1.528979
0.451771
0.921531
1.170979
-1.350895
-1.491010
-1.410497
1.768826
1.654157
-0.582268
1.813797
-2.509966
-2.004248
-2.390317
-1.055137
-0.693023
0.362075
-1.604908
-0.680194
0.972287
-0.771794
1.462021
0.186673
0.405122
1.878011
1.727689
0.263070
-0.578315
-1.743458
0.696254
-0.060941
-1.230340
-0.316403
0.215228
0.335890
-1.704582
-0.913204
-0.218334
-1.534736
-1.305671
-1.410972
-1.205345
-0.225115
-0.510973
0.074132
-1.056657
-1.234810
-0.444108
-1.132184
-0.611484
0.790794
-1.119131
-1.230449
-2.154387
-0.776628
0.203999
1.605186
1.364926
-1.688447
0.272369
0.709896
-0.775401
0.841508
1.229497
-2.848871
-2.982575
-0.143954
-1.432492
-2.886012
-2.209287
1.507975
-2.457707
1.315599
-0.724120
-2.292021
1.003680
1.845394
-1.458215
-0.223846
0.816783
0.673668
0.340937
-1.880553
1.546072
-2.169133
1.377831
0.213703
-0.294139
-0.599327
0.109512
-1.429861
1.333170
-0.417834
0.468511
-2.746086
-0.473841
-0.847387
0.965706
-1.374396
