-1.981587
-1.528979
0.451771
0.921531
1.170979
-1.350895
-1.491010
-1.410497
1.768826
1.654157
-0.582268
1.813797
-2.509966
-2.004248
-2.390317
-1.055137
-0.693023
0.362075
-1.604908
-0.680194
0.972287
-0.771794
1.462021
0.186673
0.405122
1.878011
1.727689
0.263070
-0.578315
-1.743458
0.696254
-0.060941
-1.230340
-0.316403
0.215228
0.335890
-1.704582
-0.913204
-0.218334
-1.534736
-1.305671
-1.410972
-1.205345
-0.225115
-0.510973
0.074132
-1.056657
-1.234810
-0.444108
-1.132184
-0.611484
0.790794
-1.119131
-1.230449
-2.154387
-0.776628
0.203999
1.605186
1.364926
-1.688447
0.272369
0.709896
-0.775401
0.841508
1.229497
-2.848871
-2.982575
-0.143954
-1.432492
-2.886012
-2.209287
1.507975
-2.457707
1.315599
-0.724120
-2.292021
1.003680
1.845394
-1.458215
-0.223846
0.816783
0.673668
0.340937
-1.880553
1.546072
-2.169133
1.377831
0.213703
-0.294139
-0.599327
0.109512
-1.429861
1.333170
-0.417834
0.468511
-2.746086
-0.473841
-0.847387
0.965706
-1.374396
-1.479219
1.771173
1.101523
1.304376
0.653337
-1.370281
-2.306010
0.880920
-1.370362
1.322379
-1.774141
0.018897
0.593509
-1.896333
1.326697
0.789294
-1.332288
1.235092
1.185816
-1.988878
0.918805
0.354083
-0.924109
1.499955
-2.253300
1.790585
-2.645669
-2.763173
-2.645752
0.849877
1.885122
1.252705
-2.798006
1.906726
-0.650211
-0.104936
-0.661011
-1.617496
-2.262566
1.061841
-0.634942
1.538030
-2.331509
-2.665625
1.848729
-0.403724
-2.385340
-2.408272
-2.832462
-2.185236
0.741317
-2.681000
-1.562096
-1.146501
-1.245416
1.295383
-0.494320
-0.030641
-1.985514
-2.536616
0.088883
1.856112
-1.334914
-2.895065
0.636703
-0.938874
-1.647565
-2.629151
-0.140098
-1.625263
-2.789069
-2.888186
1.256634
-1.752411
0.227887
-1.898979
1.854097
-0.195740
-1.793156
0.432199
1.972109
-1.764065
-0.643595
1.092627
1.782883
-2.085403
-1.375939
-2.399136
0.716755
-0.496895
1.691963
-0.177232
-0.730705
-2.959113
-0.808934
-2.757960
-0.038901
-0.799517
0.518736
1.392680
-0.232026
-1.658558
-2.390007
-0.842932
0.843124
-1.605449
0.209951
1.644577
-1.588802
0.001713
1.786161
-1.992968
-2.820040
1.591578
-2.356842
1.564274
-1.244146
-2.363751
0.431011
-2.994133
0.607713
1.838687
0.808570
-2.354841
0.186396
0.751406
1.878425
-1.308995
-2.278374
0.366975
0.745167
-2.973439
-1.598885
0.540822
-2.406187
-2.790089
-0.027270
-0.318687
1.818434
0.424236
-1.863697
-0.152431
1.093543
-2.819596
-0.956388
-1.021105
1.283909
1.651967
-2.383305
1.799457
1.478088
0.225174
-2.502568
-2.656702
1.818283
-2.126612
1.025014
0.404906
-1.743955
-2.645286
-1.323988
0.727132
-1.093260
-1.425587
-1.838879
1.967341
-1.900060
-1.310084
-0.590552
-2.407412
1.634269
0.154635
1.955182
-1.258145
-2.634429
1.151059
-1.154128
0.569926
1.740013
-2.600210
1.264643
-2.149504
1.292558
-2.980463
0.359001
1.724307
-1.572806
-1.149590
1.846229
-2.426787
0.984248
0.262627
1.976186
1.754858
1.907063
0.015806
-1.350143
1.146071
0.025261
-2.429533
-0.150829
-1.979364
0.832778
-0.509057
-2.723215
-1.069741
-1.129920
-2.558542
1.589725
1.520153
-2.784768
-0.594839
0.536381
-2.050497
0.293984
-1.011917
0.702087
-2.019074
-1.573735
-1.772627
0.455849
-0.548980
1.297652
-2.360531
-0.446358
1.056748
-1.235073
0.133993
0.017516
-2.618524
-1.533742
0.391731
1.829276
-2.362548
0.658341
-2.265299
0.118980
-2.308856
-1.938665
-0.148184
-2.532552
-1.599201
0.232274
1.827493
-2.324081
-2.825252
-1.008152
-1.008060
0.531504
0.987499
-0.111546
-1.750844
1.556263
-0.887398
-1.505720
1.367059
-0.840467
-2.727442
-2.116269
-0.124637
-1.776577
-0.923854
0.781683
0.755215
0.906304
0.255005
-1.135257
-2.264503
-1.511038
1.983074
-2.476626
-1.661566
-2.941700
1.852783
-2.273731
-1.605063
1.708420
1.416206
0.178376
0.965753
-0.593599
1.388216
-0.263858
-1.668065
-2.172183
0.116560
-2.964144
-0.367532
0.886849
-1.733599
1.407140
-2.199781
1.276651
-0.319884
1.703687
1.866485
-1.992403
1.677259
-2.302511
-0.298358
-1.500637
1.798453
-0.391142
-0.927212
-0.660213
1.796196
1.667911
0.579605
-0.587337
1.633903
-0.992469
-2.427448
-0.124383
-2.500796
-2.884058
0.637358
0.081789
-2.368880
-0.772729
0.749919
1.896263
-1.505637
-2.247087
1.213368
1.084986
-1.644158
-0.366073
0.421342
-0.498438
0.751423
-2.833721
1.650853
-1.114624
-0.481173
0.924160
0.345433
-1.297901
-0.814892
-2.884381
0.214624
0.179141
-1.184523
-0.276136
1.986462
-0.544760
-2.779320
0.967890
0.319693
1.071246
-2.563609
1.418049
1.152328
0.177619
-1.746267
-1.503679
0.665614
-0.033886
-1.517268
-2.725373
-2.336549
-2.374841
-0.951194
1.277153
-1.900472
1.767727
-1.818031
-2.646733
-0.647913
-1.483839
-0.876350
-0.809848
1.889442
-1.141011
1.020199
-0.512552
-1.458590
-1.519886
-1.729956
-2.361851
-2.637441
0.523802
1.544243
-2.916316
-1.526624
0.030581
1.985328
0.401905
-2.182243
1.032979
-0.719726
1.567930
0.202479
1.064652
1.604788
-0.318871
-1.274899
0.771162
-1.089268
0.676177
-2.493208
-0.343197
-0.105724
1.093876
-2.224016
-1.041689
0.338078
0.075479
1.579864
0.771348
-2.946511
0.990384
-1.620027
0.203779
-2.093869
1.344738
-0.987929
-1.125983
-1.397194
0.354773
0.674101
-2.390284
-0.502126
-1.232913
1.434141
1.613414
-0.347199
-2.371607
-1.599212
0.042915
-0.729291
0.805149
0.134806
-1.311461
1.274426
-2.712985
0.855674
-0.688085
-1.645462
-2.276502
1.833479
-1.712269
-0.105155
0.655273
1.176380
-0.575616
-1.382252
1.481753
1.828209
-0.291468
-0.710560
0.616430
-1.655985
0.856827
-1.306277
-1.601570
0.413781
-2.581065
-1.967999
1.845807
0.471213
-2.323913
-0.008972
-2.792778
-0.210895
-1.511774
-0.385955
1.256858
-2.980923
-2.369695
0.527760
-1.940580
-2.327867
-1.456060
0.997530
-1.515156
-2.222574
-1.810506
-1.173741
0.935501
0.960061
-1.248736
0.495483
0.591423
-1.964455
1.409408
0.907789
0.209344
1.444549
1.527288
-2.858651
-2.344274
-2.205815
-0.137990
-1.186289
0.046311
1.351511
-2.148497
-1.786323
0.267459
-1.820068
-1.878216
0.824350
-2.156401
0.364385
-2.782712
-1.032067
-2.941310
-1.604646
-1.286666
-2.001894
-2.834047
1.179830
-2.605425
-1.381654
1.549438
-0.591879
0.282897
-2.353857
1.735292
-1.937876
-1.889767
1.688208
1.708970
0.661262
1.821376
-0.135298
-0.952261
-1.657247
-0.345824
0.725730
0.351912
-2.418117
1.713044
-0.868456
1.864681
-2.299196
0.404143
0.425848
0.224032
-1.686955
0.340113
-0.727748
1.737510
0.334307
1.699419
0.140550
0.217490
-1.638795
-0.234043
-0.560707
-0.807619
-0.643537
-2.918589
0.267037
1.091002
-0.518271
-2.586362
-0.979644
-1.880082
-0.539708
-2.869318
-1.630232
-1.306643
-2.744487
1.403867
-2.198456
-1.456545
-2.158838
-0.594136
-2.643180
-0.925242
-2.541719
-0.664919
-2.292396
-0.296391
1.556695
1.369524
0.592958
-1.153989
-2.092142
0.365776
0.599663
1.525301
-1.256508
-0.124506
0.422516
-0.778453
-0.456859
-0.437466
0.508508
-0.498025
-2.303770
-1.462034
0.589556
1.666440
0.854617
1.547740
0.856078
1.097260
-0.356209
1.203762
-0.381895
-0.508941
-0.774997
-2.368138
1.702934
-0.781202
-1.661865
-2.969594
-1.968454
-0.800869
-2.209314
1.052090
0.466134
-2.694419
-2.094305
-0.983600
1.631076
1.496500
-0.327973
0.760514
-0.044405
1.677654
-0.662736
-0.611964
-2.279366
-1.309375
1.341570
0.762080
1.286514
0.439016
1.549177
0.012127
1.822675
1.692720
-2.457308
-1.967458
0.924865
-2.802274
0.186152
1.663067
-0.831345
0.582797
-1.934288
-1.582505
0.845413
1.859942
-1.949683
-0.315659
-2.281169
-1.605328
-2.751710
0.003810
-2.960663
-1.864678
-1.650691
-0.167685
-0.284970
-1.487238
1.995576
-2.344443
-0.045574
-2.966728
1.200580
1.139194
-0.576747
-0.394460
-1.690094
-2.400733
-1.124443
-0.522044
-0.986957
0.210076
-1.256625
-2.100156
0.680966
-2.007961
0.197088
0.464958
-2.453692
-1.205719
-1.518573
0.349758
1.388369
-2.680491
1.982734
1.810594
-1.354643
0.509417
-0.224513
-0.391008
1.326468
1.961261
0.904775
-0.440100
1.233290
0.899958
-1.398412
-0.108600
-2.234424
-0.958068
0.757438
-1.745557
0.418425
0.466737
-2.556453
1.694944
-0.073442
-1.334036
1.865154
0.643629
0.474574
-0.844763
0.069919
-1.873051
-2.360867
-1.087644
-2.038634
-0.329337
-2.174348
-1.271047
0.505175
-1.528333
1.309489
1.583467
1.324594
0.443376
-0.183368
1.142675
-2.058985
-2.352514
-0.696041
-0.364342
-0.490313
-2.685869
1.608479
1.698100
-2.030185
1.682794
0.714358
-0.794009
-1.910029
1.135372
0.191536
-2.860152
-2.573827
-0.311941
0.209064
1.729435
-0.386245
1.380913
-2.996003
-0.819503
-0.384181
1.079004
-2.185337
-0.957631
-1.904050
1.634562
0.082861
0.642687
-0.364785
-2.939608
-2.983379
1.350707
-0.670467
-0.542099
1.950063
-2.292248
-2.808819
0.184967
1.743157
0.244139
1.248586
-2.009564
-1.738183
-0.644405
-2.508585
1.207003
-0.906687
-0.680704
-2.598018
-1.884389
-2.924075
-1.933541
0.977957
-0.473774
0.285480
1.060540
-2.504009
-1.872623
-0.171212
0.443744
1.012573
1.321104
1.784464
-0.509323
-2.193363
-0.850505
-1.443771
-2.461142
-1.409431
-0.303506
1.977012
0.639151
0.204741
-0.918407
-2.670105
1.535930
-2.619825
1.601417
-1.988516
-2.983553
-1.582108
-2.483507
-2.302511
-0.307124
1.177041
0.520493
0.920710
-2.626518
-0.894502
-0.893774
1.339428
-0.232370
-2.443380
-2.888424
-2.738806
1.891364
1.154853
-2.377828
-1.148275
-1.049952
1.459821
-1.794409
-0.636035
-1.834372
-2.289175
-1.159477
0.664039
-1.493549
0.924755
0.355164
-2.755310
-0.497937
-0.831904
1.192093
-1.495525
-2.296500
0.725121
0.107116
-1.698174
1.790237
1.522355
-0.776763
-2.063692
-1.468928
-0.277180
-0.564172
0.965329
-2.714342
-1.952949
-0.210204
0.095906
-0.115470
-2.709528
-1.037760
1.358472
-0.155037
-2.718041
0.876956
-2.991744
0.766145
-0.408927
0.169658
-0.557419
-0.548012
-2.440483
0.801806
-1.039742
-1.939637
-1.486161
0.100121
0.732424
-2.143873
0.917197
-1.668296
-1.049054
1.557826
0.383453
-2.296882
-0.691876
-0.356138
-2.613948
0.374071
0.009056
0.207182
0.114582
-1.227583
1.013746
