-1.981587
-1.528979
0.451771
0.921531
1.170979
-1.350895
-1.491010
-1.410497
1.768826
1.654157
-0.582268
1.813797
-2.509966
-2.004248
-2.390317
-1.055137
-0.693023
0.362075
-1.604908
-0.680194
0.972287
-0.771794
1.462021
0.186673
0.405122
1.878011
1.727689
0.263070
-0.578315
-1.743458
0.696254
-0.060941
-1.230340
-0.316403
0.215228
0.335890
-1.704582
-0.913204
-0.218334
-1.534736
-1.305671
-1.410972
-1.205345
-0.225115
-0.510973
0.074132
-1.056657
-1.234810
-0.444108
-1.132184
-0.611484
0.790794
-1.119131
-1.230449
-2.154387
-0.776628
0.203999
1.605186
1.364926
-1.688447
0.272369
0.709896
-0.775401
0.841508
1.229497
-2.848871
-2.982575
-0.143954
-1.432492
-2.886012
-2.209287
1.507975
-2.457707
1.315599
-0.724120
-2.292021
1.003680
1.845394
-1.458215
-0.223846
0.816783
0.673668
0.340937
-1.880553
1.546072
-2.169133
1.377831
0.213703
-0.294139
-0.599327
0.109512
-1.429861
1.333170
-0.417834
0.468511
-2.746086
-0.473841
-0.847387
0.965706
-1.374396
-1.479219
1.771173
1.101523
1.304376
0.653337
-1.370281
-2.306010
0.880920
-1.370362
1.322379
-1.774141
0.018897
0.593509
-1.896333
1.326697
0.789294
-1.332288
1.235092
1.185816
-1.988878
0.918805
0.354083
-0.924109
1.499955
-2.253300
1.790585
-2.645669
-2.763173
-2.645752
0.849877
1.885122
1.252705
-2.798006
1.906726
-0.650211
-0.104936
-0.661011
-1.617496
-2.262566
1.061841
-0.634942
1.538030
-2.331509
-2.665625
1.848729
-0.403724
-2.385340
-2.408272
-2.832462
-2.185236
0.741317
-2.681000
-1.562096
-1.146501
-1.245416
1.295383
-0.494320
-0.030641
-1.985514
-2.536616
0.088883
1.856112
-1.334914
-2.895065
0.636703
-0.938874
-1.647565
-2.629151
-0.140098
-1.625263
-2.789069
-2.888186
1.256634
-1.752411
0.227887
-1.898979
1.854097
-0.195740
-1.793156
0.432199
1.972109
-1.764065
-0.643595
1.092627
1.782883
-2.085403
-1.375939
-2.399136
0.716755
-0.496895
1.691963
-0.177232
-0.730705
-2.959113
-0.808934
-2.757960
-0.038901
-0.799517
0.518736
1.392680
-0.232026
-1.658558
-2.390007
-0.842932
0.843124
-1.605449
0.209951
1.644577
-1.588802
0.001713
1.786161
-1.992968
-2.820040
1.591578
-2.356842
1.564274
-1.244146
-2.363751
0.431011
-2.994133
0.607713
1.838687
0.808570
-2.354841
0.186396
0.751406
1.878425
-1.308995
-2.278374
0.366975
0.745167
-2.973439
-1.598885
0.540822
-2.406187
-2.790089
-0.027270
-0.318687
1.818434
0.424236
-1.863697
-0.152431
1.093543
-2.819596
-0.956388
-1.021105
1.283909
1.651967
-2.383305
1.799457
1.478088
0.225174
-2.502568
-2.656702
1.818283
-2.126612
1.025014
0.404906
-1.743955
-2.645286
-1.323988
0.727132
-1.093260
-1.425587
-1.838879
1.967341
-1.900060
-1.310084
-0.590552
-2.407412
1.634269
0.154635
1.955182
-1.258145
-2.634429
1.151059
-1.154128
0.569926
1.740013
-2.600210
1.264643
-2.149504
1.292558
-2.980463
0.359001
1.724307
-1.572806
-1.149590
1.846229
-2.426787
0.984248
0.262627
1.976186
1.754858
1.907063
0.015806
-1.350143
1.146071
0.025261
-2.429533
-0.150829
-1.979364
0.832778
-0.509057
-2.723215
-1.069741
-1.129920
-2.558542
1.589725
1.520153
-2.784768
-0.594839
0.536381
-2.050497
0.293984
-1.011917
0.702087
-2.019074
-1.573735
-1.772627
0.455849
-0.548980
1.297652
-2.360531
-0.446358
1.056748
-1.235073
0.133993
0.017516
-2.618524
-1.533742
0.391731
1.829276
-2.362548
0.658341
-2.265299
0.118980
-2.308856
-1.938665
-0.148184
-2.532552
-1.599201
0.232274
1.827493
-2.324081
-2.825252
-1.008152
-1.008060
0.531504
0.987499
-0.111546
-1.750844
1.556263
-0.887398
-1.505720
1.367059
-0.840467
-2.727442
-2.116269
-0.124637
-1.776577
-0.923854
0.781683
0.755215
0.906304
0.255005
-1.135257
-2.264503
-1.511038
1.983074
-2.476626
-1.661566
-2.941700
1.852783
-2.273731
-1.605063
1.708420
1.416206
0.178376
0.965753
-0.593599
1.388216
-0.263858
-1.668065
-2.172183
0.116560
-2.964144
-0.367532
0.886849
-1.733599
1.407140
-2.199781
1.276651
-0.319884
1.703687
1.866485
-1.992403
1.677259
-2.302511
-0.298358
-1.500637
1.798453
-0.391142
-0.927212
-0.660213
1.796196
1.667911
0.579605
-0.587337
1.633903
-0.992469
-2.427448
-0.124383
-2.500796
-2.884058
0.637358
0.081789
-2.368880
-0.772729
0.749919
1.896263
-1.505637
-2.247087
1.213368
1.084986
-1.644158
-0.366073
0.421342
-0.498438
0.751423
-2.833721
1.650853
-1.114624
-0.481173
0.924160
0.345433
-1.297901
-0.814892
-2.884381
0.214624
0.179141
-1.184523
-0.276136
1.986462
-0.544760
-2.779320
0.967890
0.319693
1.071246
-2.563609
1.418049
1.152328
0.177619
-1.746267
-1.503679
0.665614
-0.033886
-1.517268
-2.725373
-2.336549
-2.374841
-0.951194
1.277153
-1.900472
1.767727
-1.818031
-2.646733
-0.647913
-1.483839
-0.876350
-0.809848
1.889442
-1.141011
1.020199
-0.512552
-1.458590
-1.519886
-1.729956
-2.361851
-2.637441
0.523802
1.544243
-2.916316
-1.526624
0.030581
1.985328
0.401905
-2.182243
1.032979
-0.719726
1.567930
0.202479
1.064652
1.604788
-0.318871
-1.274899
0.771162
-1.089268
0.676177
-2.493208
-0.343197
-0.105724
1.093876
-2.224016
-1.041689
0.338078
0.075479
1.579864
0.771348
-2.946511
0.990384
-1.620027
0.203779
-2.093869
1.344738
-0.987929
-1.125983
-1.397194
0.354773
0.674101
-2.390284
-0.502126
-1.232913
1.434141
1.613414
-0.347199
-2.371607
-1.599212
0.042915
-0.729291
0.805149
0.134806
-1.311461
1.274426
-2.712985
0.855674
-0.688085
-1.645462
-2.276502
1.833479
-1.712269
-0.105155
0.655273
1.176380
-0.575616
-1.382252
1.481753
1.828209
-0.291468
-0.710560
0.616430
-1.655985
0.856827
-1.306277
-1.601570
0.413781
-2.581065
-1.967999
1.845807
0.471213
-2.323913
-0.008972
-2.792778
-0.210895
-1.511774
-0.385955
1.256858
-2.980923
-2.369695
0.527760
-1.940580
-2.327867
-1.456060
0.997530
-1.515156
-2.222574
-1.810506
-1.173741
0.935501
0.960061
-1.248736
0.495483
0.591423
-1.964455
1.409408
0.907789
0.209344
1.444549
1.527288
-2.858651
-2.344274
-2.205815
-0.137990
-1.186289
0.046311
1.351511
-2.148497
-1.786323
0.267459
-1.820068
-1.878216
0.824350
-2.156401
0.364385
-2.782712
-1.032067
-2.941310
-1.604646
-1.286666
-2.001894
-2.834047
1.179830
-2.605425
-1.381654
1.549438
-0.591879
0.282897
-2.353857
1.735292
-1.937876
-1.889767
1.688208
1.708970
0.661262
1.821376
-0.135298
-0.952261
-1.657247
-0.345824
0.725730
0.351912
-2.418117
1.713044
-0.868456
1.864681
-2.299196
0.404143
0.425848
0.224032
-1.686955
0.340113
-0.727748
1.737510
0.334307
1.699419
0.140550
0.217490
-1.638795
-0.234043
-0.560707
-0.807619
-0.643537
-2.918589
0.267037
1.091002
-0.518271
-2.586362
-0.979644
-1.880082
-0.539708
-2.869318
-1.630232
-1.306643
-2.744487
1.403867
-2.198456
-1.456545
-2.158838
-0.594136
-2.643180
-0.925242
-2.541719
-0.664919
-2.292396
-0.296391
1.556695
1.369524
0.592958
-1.153989
-2.092142
0.365776
0.599663
1.525301
-1.256508
-0.124506
0.422516
-0.778453
-0.456859
-0.437466
0.508508
-0.498025
-2.303770
-1.462034
0.589556
1.666440
0.854617
1.547740
0.856078
1.097260
-0.356209
1.203762
-0.381895
-0.508941
-0.774997
-2.368138
1.702934
-0.781202
-1.661865
-2.969594
-1.968454
-0.800869
-2.209314
1.052090
0.466134
-2.694419
-2.094305
-0.983600
1.631076
1.496500
-0.327973
0.760514
-0.044405
1.677654
-0.662736
-0.611964
-2.279366
-1.309375
1.341570
0.762080
1.286514
0.439016
1.549177
0.012127
1.822675
1.692720
-2.457308
-1.967458
0.924865
-2.802274
0.186152
1.663067
-0.831345
0.582797
-1.934288
-1.582505
0.845413
1.859942
-1.949683
-0.315659
-2.281169
-1.605328
-2.751710
0.003810
-2.960663
-1.864678
-1.650691
-0.167685
-0.284970
-1.487238
1.995576
-2.344443
-0.045574
-2.966728
1.200580
1.139194
-0.576747
-0.394460
-1.690094
-2.400733
-1.124443
-0.522044
-0.986957
0.210076
-1.256625
-2.100156
0.680966
-2.007961
0.197088
0.464958
-2.453692
-1.205719
-1.518573
0.349758
1.388369
-2.680491
1.982734
1.810594
-1.354643
0.509417
-0.224513
-0.391008
1.326468
1.961261
0.904775
-0.440100
1.233290
0.899958
-1.398412
-0.108600
-2.234424
-0.958068
0.757438
-1.745557
0.418425
0.466737
-2.556453
1.694944
-0.073442
-1.334036
1.865154
0.643629
0.474574
-0.844763
0.069919
-1.873051
-2.360867
-1.087644
-2.038634
-0.329337
-2.174348
-1.271047
0.505175
-1.528333
1.309489
1.583467
1.324594
0.443376
-0.183368
1.142675
-2.058985
-2.352514
-0.696041
-0.364342
-0.490313
-2.685869
1.608479
1.698100
-2.030185
1.682794
0.714358
-0.794009
-1.910029
1.135372
0.191536
-2.860152
-2.573827
-0.311941
0.209064
1.729435
-0.386245
1.380913
-2.996003
-0.819503
-0.384181
1.079004
-2.185337
-0.957631
-1.904050
1.634562
0.082861
0.642687
-0.364785
-2.939608
-2.983379
1.350707
-0.670467
-0.542099
1.950063
-2.292248
-2.808819
0.184967
1.743157
0.244139
1.248586
-2.009564
-1.738183
-0.644405
-2.508585
1.207003
-0.906687
-0.680704
-2.598018
-1.884389
-2.924075
-1.933541
0.977957
-0.473774
0.285480
1.060540
-2.504009
-1.872623
-0.171212
0.443744
1.012573
1.321104
1.784464
-0.509323
-2.193363
-0.850505
-1.443771
-2.461142
-1.409431
-0.303506
1.977012
0.639151
0.204741
-0.918407
-2.670105
1.535930
-2.619825
1.601417
-1.988516
-2.983553
-1.582108
-2.483507
-2.302511
-0.307124
1.177041
0.520493
0.920710
-2.626518
-0.894502
-0.893774
1.339428
-0.232370
-2.443380
-2.888424
-2.738806
1.891364
1.154853
-2.377828
-1.148275
-1.049952
1.459821
-1.794409
-0.636035
-1.834372
-2.289175
-1.159477
0.664039
-1.493549
0.924755
0.355164
-2.755310
-0.497937
-0.831904
1.192093
-1.495525
-2.296500
0.725121
0.107116
-1.698174
1.790237
1.522355
-0.776763
-2.063692
-1.468928
-0.277180
-0.564172
0.965329
-2.714342
-1.952949
-0.210204
0.095906
-0.115470
-2.709528
-1.037760
1.358472
-0.155037
-2.718041
0.876956
-2.991744
0.766145
-0.408927
0.169658
-0.557419
-0.548012
-2.440483
0.801806
-1.039742
-1.939637
-1.486161
0.100121
0.732424
-2.143873
0.917197
-1.668296
-1.049054
1.557826
0.383453
-2.296882
-0.691876
-0.356138
-2.613948
0.374071
0.009056
0.207182
0.114582
-1.227583
1.013746
1.036588
-0.058046
-2.586128
-2.059533
-1.575068
0.832100
-1.897990
-1.512521
-2.934599
1.198105
-0.442424
-2.818219
-2.805362
-1.720755
-2.724613
0.434207
0.726340
0.589351
-1.783580
1.366848
0.609609
-1.295077
1.643664
-1.944726
-2.003958
-2.526385
-2.950562
-2.097385
-2.753937
-2.422201
-1.925075
-1.739628
0.072446
0.592320
-1.872358
-0.723760
-1.235076
0.070991
1.138321
-0.241368
1.332695
1.615470
-0.792174
-1.071708
0.797370
-0.601366
0.841167
0.499421
1.759540
0.580780
-0.838042
-1.965363
1.145718
-0.925049
0.705520
0.678760
0.911836
-1.770155
-2.988831
-0.274476
-0.125329
1.605687
-0.220397
-1.204769
-0.553366
-2.427764
-0.424752
-0.810127
-2.810488
-2.871236
1.134088
-1.383025
-1.503837
-1.985256
1.801892
-2.595949
-2.111556
-0.927533
-1.040842
-0.433152
-1.991098
-1.386093
1.936943
-2.806698
0.833883
-1.920295
-1.403395
1.133245
-0.562332
1.881562
1.406337
-0.694868
-0.646822
1.867002
1.694710
0.991343
-0.506981
-2.824925
-0.522454
-2.883906
-1.808036
0.331217
-0.235663
-2.783168
1.303883
-2.635727
-0.672459
0.985146
0.353198
-0.806850
-2.731045
-2.668066
0.819967
-0.815841
1.163718
1.606386
1.521310
1.650337
0.221390
-1.101092
1.942356
-1.816859
-2.948897
0.891864
-2.450645
0.001432
-2.924531
0.412348
-1.663469
0.077173
0.042960
0.030023
-2.398646
-1.036834
1.924338
0.351800
0.707272
0.124339
-2.233254
-1.308168
1.628262
-0.794962
-2.935851
0.152725
-0.158563
-1.975788
0.937141
-1.469009
-1.640220
0.814645
-0.257584
-1.221318
1.304984
0.857905
1.805545
-1.194560
1.028431
-2.152518
0.636657
-1.710397
1.357280
-0.201813
1.129897
-1.819527
-2.785658
-0.546453
-1.227155
-1.792098
-1.797795
-2.533778
-2.211862
-1.759559
0.088188
0.184216
-0.872950
1.329652
0.469208
-1.022224
-2.524892
-2.852766
1.570077
1.283411
-1.712895
-0.628961
-2.946931
-1.076162
0.937992
-2.175711
0.822265
-2.185430
-2.521653
1.584368
1.466974
-1.559503
-2.562038
-2.168581
0.664288
-2.308398
0.756964
0.301208
0.402736
1.782269
-2.407015
-1.699386
1.411820
1.456521
-2.248775
-2.156946
1.206789
0.509071
-1.041540
-2.167423
0.114694
0.664207
1.327897
0.955070
-0.148158
-2.089501
-0.245014
0.049563
1.011461
-2.370771
-2.545714
-2.812428
-0.476438
0.501038
-1.047662
-0.058939
-2.590022
-2.495493
1.239779
-0.042560
-2.304996
-2.073834
-1.933120
-1.956279
-1.185571
-2.895563
-2.720608
-2.250564
-2.234818
-2.586024
-0.306896
-0.002791
1.087952
-1.787447
1.382626
0.785588
1.369460
-0.477728
-1.181096
-2.678245
-0.265522
0.377748
1.813816
-2.195229
-2.212097
-0.722285
-1.440082
-0.458570
0.805753
0.294333
-0.135606
-1.122752
-2.096983
-1.001933
-1.483925
-2.323484
-2.804564
1.687342
-2.843655
-0.305835
-2.160900
-0.243351
-2.000359
-2.031877
-1.751775
0.910920
-2.160475
1.896920
-0.472413
-1.850252
0.816333
-1.891535
1.968783
-2.653146
1.569051
-0.963833
-1.140449
0.476331
-1.295406
1.115899
-2.084491
-1.043025
-2.114563
-1.450346
-2.970689
-0.366369
0.428275
1.023482
-0.332031
-2.444885
1.808729
-2.696317
0.994575
-1.187908
-2.175562
-1.671653
-2.470289
-0.141433
0.943111
-1.135934
1.361551
1.594521
-2.897592
-1.833599
0.703811
1.957198
-2.382292
-1.183786
-2.882219
1.543143
-1.400479
0.156095
1.492728
1.276753
1.395929
-0.609329
1.999296
0.169269
-2.097447
1.214704
-1.471922
-0.594434
-2.654013
-2.994101
1.150746
-1.411883
-1.516149
1.084562
1.241163
-1.765451
1.069121
1.719385
0.702745
-0.966440
0.036814
1.731536
-0.068345
-0.673289
-2.970640
0.457825
-2.327255
-1.180037
0.113362
-1.727114
0.400641
1.572216
-2.762092
0.516590
0.333310
-0.067873
-2.732146
-1.180833
1.732070
-1.091147
-0.911088
0.336158
-2.201602
0.668582
-0.140155
-2.594832
1.652047
-1.053526
1.385041
1.378382
-0.530911
-0.021259
0.698647
0.169024
-1.222569
0.277329
-0.925145
-0.905968
1.390492
-2.002030
-0.125568
-2.426850
-0.065737
-1.847030
-0.033840
-0.746840
0.854492
-0.548632
-2.855854
-0.344343
0.619454
-0.828452
-0.789545
-1.879840
-1.478057
1.296595
-0.136172
-0.647678
-2.531287
-0.347204
-2.453979
-1.034432
-2.703101
1.978071
-1.570025
0.589370
-1.456047
1.223281
-2.307657
-1.787056
-2.047451
1.497222
1.813231
-2.037984
0.604022
-0.199690
1.808006
0.152970
-1.025340
0.103198
-2.558128
-1.454589
0.729365
1.445333
-0.290092
-2.581369
-2.073648
1.196644
0.005199
0.382775
1.292193
0.897634
-0.471952
0.907206
0.414252
0.325798
-1.313704
-1.431260
-2.180257
-0.575464
1.172587
0.677315
1.629586
1.457597
0.826421
-2.346785
0.588532
-0.544998
-1.787556
-0.452619
0.831957
0.699432
-1.640414
-2.434433
-2.512643
-1.992801
-0.004034
0.203129
1.994138
-1.531759
-1.264453
1.341082
-2.445629
-0.680357
-1.752503
-1.310425
-1.308928
-1.150007
-0.172420
0.142495
-2.090670
0.117569
-1.018489
0.251355
-2.469535
-2.467958
-0.970415
-1.769544
-2.720321
-2.434921
-0.718396
-1.075224
1.705778
-2.993939
-1.135108
0.235356
-1.368438
-1.342937
-2.744738
-2.814428
0.906801
-1.391129
-2.700193
0.856407
1.639777
-2.267712
-0.441140
-1.238219
-2.742914
-2.163627
-1.076604
-1.487550
1.743965
-1.173353
-2.550847
0.914999
1.392767
1.240779
1.780103
1.197550
0.232144
-0.354303
-1.770970
-1.698947
-1.198679
1.805330
0.184335
1.124613
-0.622991
-2.606382
-2.455803
-1.679051
-1.804843
-0.997303
1.319421
-1.494751
0.712335
0.205817
-2.838438
-2.621893
1.836919
1.102686
0.843416
-1.708608
1.430925
-2.439405
-1.081010
-0.529347
1.264659
-1.882272
-2.349666
-2.836737
0.967755
-1.938372
-0.211389
0.188831
1.681987
-2.851010
1.073180
-0.058937
-2.551790
0.066602
-2.628222
0.463335
0.262959
-2.458209
-2.120170
-0.702137
-2.822629
-1.920766
0.687041
0.098413
-2.969102
1.298736
0.853191
-2.417347
-0.347307
0.818193
-0.631921
-2.690082
0.788445
-0.593029
0.969804
-2.495968
-1.740262
-0.575173
1.062307
-2.801098
-0.055239
-0.406231
0.477175
-2.121147
-2.111373
-2.841517
0.624401
-2.698558
-1.657579
-0.936709
-0.266296
-2.644078
-1.019608
1.445490
-2.647597
-0.162580
0.507338
-0.172813
-1.464761
-0.237554
0.436412
-2.219363
-2.833485
0.616592
1.055695
1.069663
0.825757
1.496139
-1.393800
-2.602187
-1.949373
-0.107093
-1.910093
0.070673
0.790837
-0.408183
-2.337774
-2.966918
-1.998645
1.779845
1.857672
-0.102137
1.382433
-2.442125
-1.787437
1.553319
-0.375253
1.121538
-2.318351
-1.527648
-2.178391
0.777558
1.417223
-2.731573
-1.543168
1.968213
-2.251210
1.914116
-1.440840
1.804014
-1.944450
-2.367539
1.774689
0.198359
1.827268
-1.114822
1.189372
-2.223984
-0.492708
-2.943773
-2.989195
-1.406632
1.729217
0.945614
0.934988
-2.654462
-0.549834
1.939317
-2.902036
-1.526510
1.938220
-1.336501
0.421164
1.494162
0.383262
-0.512854
-1.542091
0.082892
1.167092
-1.675290
1.395006
-1.131289
-0.580550
0.689813
1.682411
-0.719583
-1.036575
1.288674
1.741669
0.237168
-0.922844
-2.247148
0.187293
0.823271
-0.279924
-1.691618
1.972682
-2.142562
-2.032986
-0.392426
-2.504434
0.973254
0.478958
-2.159301
1.633731
1.125548
0.097446
0.771772
-0.825376
0.908437
1.106585
1.372314
-2.512220
0.118786
-0.562082
1.091248
-1.390488
-1.926139
0.379388
-0.627503
1.556648
0.584735
0.641252
0.522328
1.765879
-2.868955
-0.532747
-0.873590
0.584008
-1.571602
-0.907625
-1.449273
0.066431
-0.487547
-1.209875
-1.363479
-2.990657
-0.966523
-1.346066
-0.337940
-1.750750
-1.858349
-0.277654
1.464397
0.124283
1.818816
1.834933
-2.288362
-2.498941
-1.703646
-0.183923
1.797521
-1.070295
-0.443534
-1.472566
-1.411846
-0.896340
-1.780306
1.404655
1.031747
-1.429512
-2.807854
1.401126
1.724812
1.915674
-0.264570
1.378682
-0.493703
0.329946
-1.603881
1.566932
-1.573226
1.788834
-2.069257
0.003103
0.143216
0.039655
-0.518454
-0.661459
0.850327
-0.545252
-1.056293
-0.108406
1.021072
-0.842023
1.125285
0.656568
-2.057665
-0.175323
1.357331
0.656896
-1.543988
-1.803576
0.306817
-0.325164
-2.025231
-0.056807
-1.761060
-0.132130
-2.707319
1.088383
0.452532
-1.298008
-2.620983
-2.859751
-0.825579
-2.511803
-2.879900
0.512435
0.500378
-2.155472
0.989105
1.888293
-0.454730
0.355064
0.563468
-1.787897
-1.189191
1.264004
-2.889630
1.985889
-0.164111
-0.217038
0.244406
0.735796
-0.476421
0.795271
-0.884517
1.923149
0.361688
1.888797
-1.989612
-1.400213
-0.385966
1.074543
-2.153697
0.804324
1.272937
-2.753376
-2.982112
-2.360395
1.843951
-0.724930
-0.893586
-0.491401
-0.978128
-1.402237
0.602747
-1.637524
1.129480
1.166520
-1.293702
-0.258177
-1.182134
-0.126431
-1.925786
1.316393
-2.376796
1.198012
-2.011689
-2.460119
0.771484
-0.658707
-2.883386
1.927757
-2.189658
1.424972
-2.505914
1.094283
-0.391948
0.528160
-0.217885
1.001392
-1.596401
-2.712151
-0.113564
-0.660702
-1.426070
0.040755
-2.037814
-1.536183
-0.634214
-1.229238
-1.795574
-0.212954
-1.115322
-2.220140
-0.892721
-0.967460
-2.097026
-1.713467
-0.241934
1.818648
-0.981308
0.153953
0.481920
-2.367118
-1.146634
1.523912
0.395007
1.876748
0.508758
-1.303521
-0.283904
1.432369
1.834509
0.603495
0.935734
-0.125423
0.006760
1.609486
-1.372093
-2.775318
-1.774367
1.213481
-2.025220
0.127856
1.873051
-1.624553
-0.857456
1.731349
1.794533
-1.280288
0.192012
0.138945
-1.746700
1.219715
-2.250602
-2.860223
1.229325
-0.728193
-0.734833
-2.341990
1.183974
-2.952656
-2.293937
-1.206330
-1.787043
-1.832108
0.759463
-2.706329
-2.279604
-0.305440
-0.537678
1.240621
-0.884345
-0.184734
-1.821771
-0.498466
0.286889
-0.259136
-2.303046
0.706796
-2.880550
-0.398345
-1.987762
-0.313170
-0.453060
-1.581219
-2.551186
0.220376
1.867359
-2.303756
-1.228887
-0.899735
1.148988
-0.957953
-2.316258
-1.349762
-2.443623
-1.976293
-2.556309
-0.880525
-0.982053
-2.361273
-2.910477
1.606107
1.840906
-1.893106
0.570558
-2.639486
1.151367
-0.979059
-2.040731
-0.574765
-2.080228
0.608873
1.328068
-1.160640
1.130595
-0.082086
-1.618646
-1.576597
0.135195
0.216866
-2.137283
1.688497
1.569967
-0.560834
-2.934982
-0.245110
-1.557269
-0.011822
-0.699471
1.995701
-0.253941
0.013017
1.770884
1.237318
-1.404021
0.611513
0.692977
-0.135571
-0.537770
-0.305009
1.717875
0.320186
-0.636324
-1.700182
-1.962819
-1.100393
-1.295980
1.459607
-0.380569
1.776371
-1.527082
-2.659374
1.900832
0.280476
1.957633
-0.071485
1.552564
1.939376
-1.902374
-0.204831
0.406024
-2.955151
0.780398
-0.848968
-0.607909
0.877431
-0.012173
-1.593509
0.887450
-1.622086
0.598665
-0.235612
-1.925906
-0.704493
-2.406761
-2.430259
-2.355504
-0.952328
-2.774813
1.715717
-0.936252
-2.593676
1.084217
0.436032
1.395572
-1.622564
-2.429468
0.932067
-1.753307
0.163183
0.616446
-1.384410
0.218076
-1.801597
-1.441992
-2.563081
0.302700
0.480184
-1.548518
-2.943505
1.519576
-2.486883
0.955333
-0.713385
-1.859539
-0.267219
1.853567
0.902705
-0.242634
0.050841
-2.514938
-0.564553
-0.442941
-1.512963
-0.368789
-0.231474
-2.381924
0.007968
1.923492
1.137744
0.064891
-1.371699
-1.136600
0.154425
-1.571967
-2.050816
-0.063009
-0.997146
-1.028849
1.138628
-0.092399
0.043515
-0.643058
0.129618
1.493785
-0.953945
0.051641
0.938395
-0.395180
1.215779
1.597560
-1.806858
0.135844
1.137234
1.484647
0.462715
-0.141456
0.548544
-2.613523
-2.480767
-1.251881
-2.357866
-0.660978
-1.050515
1.992496
0.889408
1.273866
-2.139456
0.166745
0.481597
-2.796857
1.224397
1.441506
0.399732
1.286613
-2.900737
0.317864
0.347151
-2.431590
0.270628
1.449684
-2.157798
1.891577
-0.259222
1.263633
0.876276
0.560744
-2.583506
-2.979621
-0.498554
-1.204074
1.134533
1.105049
0.563414
-2.703113
1.781863
0.777626
-2.436057
0.185146
-0.251360
-1.614458
-1.195584
-1.185903
1.536328
-0.937671
-1.435067
-1.164426
-2.500917
0.085195
-0.130220
-0.609187
-0.611861
-0.551656
1.315047
-0.005529
0.071953
-2.681991
1.774194
1.883429
-2.207300
-0.099255
-0.177037
-2.456191
1.793757
0.679846
-0.836014
-2.890603
0.629247
-1.249063
-0.004106
-1.012306
-0.824361
-2.038295
0.370059
-2.410889
-1.807265
-1.709255
0.556968
-1.042251
0.884332
0.977359
-0.535002
1.224244
-1.139434
-2.474353
1.541486
0.752008
-2.997853
-1.918520
-1.569902
-2.341377
1.477449
-0.507557
-2.506027
-0.793320
-0.333381
-0.141474
0.250047
0.535237
-1.267756
0.832088
-2.100301
-1.764344
-0.332177
0.092195
-2.475511
-2.913186
1.091309
-0.373686
-2.536704
-1.377153
-2.802364
-1.323867
-2.237777
-2.322209
-1.373657
0.954926
-2.567915
-0.942839
1.701470
-0.398225
0.036998
-0.172000
-2.800155
0.794411
-0.339195
-2.848529
-2.219980
1.787145
-0.455733
-1.500626
1.971456
-2.748335
1.728435
-2.199047
-1.384021
1.760725
0.500846
0.717230
-2.519046
0.393996
-0.114025
1.574522
0.988180
1.332445
-2.593199
-0.895437
-1.611745
-0.604322
1.152879
-0.556077
-2.978172
-1.136280
0.542059
-1.616298
-2.125043
-2.605444
-1.694747
-0.619776
1.417206
1.984369
-0.707189
-2.726956
1.042252
0.127235
1.435493
-0.680332
-1.339349
-2.430589
-2.903969
0.990457
-0.389957
-1.002059
1.394620
-2.614028
-0.961225
-2.310668
-2.394864
-2.477677
0.690206
-1.707829
-0.480607
0.438285
-0.742410
0.312026
-2.782019
0.607780
-2.050517
-0.033158
0.708538
1.399620
1.405412
-1.244259
0.733384
-1.009109
-2.094145
1.707888
-2.523582
-0.833197
-0.547604
-0.586540
0.019773
0.321171
0.913394
-0.577997
-1.392452
0.055074
-1.368076
-0.255392
0.635324
0.895308
0.445665
-1.714689
-0.771087
-1.664986
-0.411825
1.459157
-2.939355
1.265204
-2.703311
-1.543287
-0.024733
-2.691272
0.796846
0.596317
0.290843
1.193548
-2.043835
-2.731138
0.765095
1.954781
1.998656
-0.592693
1.605456
0.892207
-1.681829
1.505073
-1.241541
1.424589
1.067227
-0.106585
1.629572
1.212827
1.982097
1.096764
1.305656
-2.840348
0.263892
-1.772991
-0.662063
0.704340
0.839266
-1.461906
-2.259680
-0.434001
-1.246791
-1.809507
0.620591
-1.728745
-2.025227
0.016604
-2.936607
-2.554208
-0.569082
-1.554930
-0.710300
-0.019508
0.130061
-1.059464
1.593784
-0.262317
-0.754330
-0.032618
-0.213226
-0.685335
-0.423081
-2.730484
1.754257
1.793869
-2.456344
-0.769457
0.738851
0.864913
-0.395309
-0.968678
-2.572177
-2.586363
-0.995727
-2.190237
1.691355
-0.395339
-1.466905
-1.267771
0.578826
1.336874
1.847430
-2.250447
-0.255608
-2.994781
-0.276966
-1.970929
-2.405379
0.801184
-1.504380
-1.116164
-1.362467
-0.991274
-2.340719
-2.471913
-2.439143
-1.681221
1.726702
-1.313336
-0.244358
1.072026
0.543837
-1.725124
-1.166166
-1.754438
1.167606
1.962399
0.047957
-0.983369
0.517299
-2.757109
-0.727210
0.776771
-1.808832
1.956421
-0.423332
-1.942479
0.747434
0.121569
1.215658
-0.441287
1.283953
-2.606641
-1.808634
0.291629
-0.594915
-0.734426
-0.498847
-1.120208
0.672912
-2.378088
-0.516954
-0.443293
-2.431029
-0.298049
-1.307958
0.147820
-2.593946
1.555567
-2.589699
-2.068063
0.065100
-2.863724
-2.611510
1.349967
1.883414
-2.455827
-2.081717
0.575957
-1.891130
-1.229867
-2.369116
0.262198
-0.239687
-0.428121
-2.421974
1.887423
-0.079201
1.871073
0.124335
-2.304161
1.959472
0.844043
-1.165158
0.192978
1.382496
-1.382786
-2.490122
1.511704
0.213353
-1.169042
-0.097686
1.196380
0.555360
1.942570
1.774153
1.192126
-0.940127
-2.717364
-2.743190
-1.786272
1.128829
0.228895
0.043545
-0.142131
-0.794252
-0.987568
-0.052251
-0.181328
0.421116
0.695481
1.951982
-0.035985
-1.788053
1.186314
1.382128
-2.578375
-1.749350
1.670495
-0.990581
-0.697195
0.241642
-0.733154
0.879546
0.528818
0.836940
-0.557477
-1.522747
0.185693
-1.063046
1.379578
-0.435221
-1.758022
0.928395
1.526262
-0.114738
-0.409528
0.065463
-1.761113
-1.021206
-0.400052
-0.676219
-2.202455
1.343822
-1.384550
-2.128152
0.142585
-0.583506
1.007121
-0.323568
-0.199490
0.181210
-1.402651
-1.353448
0.603307
-2.214967
1.049515
-2.805823
0.532627
-0.142694
-0.269754
-0.760740
-2.749912
0.224200
1.135273
-1.475794
-0.670538
-1.731668
-1.136046
-0.523195
-0.335620
-2.771283
1.041631
-0.302302
-2.794054
-1.666769
-0.384902
-1.042673
-1.200058
-1.370780
-0.694626
-1.581923
0.621096
1.764978
1.990111
0.804623
1.292066
-1.254461
-0.732935
-0.444291
0.800975
-0.009146
-0.710761
-2.759826
-1.400101
1.498859
-0.679938
0.276047
-2.484405
-2.393277
-0.812532
1.772810
-1.370631
1.797368
1.365200
-2.088264
0.553484
0.406176
-0.400859
0.768314
1.060037
-0.964353
0.120706
1.697469
-2.642116
1.965095
0.345887
1.319113
-1.662581
-0.004554
1.455518
0.892952
0.843571
0.896595
-2.927847
-0.317779
-2.918346
-0.635193
-2.696193
-1.905650
-0.257038
-2.045644
1.865491
1.315673
0.513463
-2.221582
-0.126721
-1.809245
0.025037
-1.207712
-0.018055
-0.448654
-2.518409
1.107082
-0.270415
-1.858218
1.928012
-2.898459
-1.405790
0.892245
-1.038384
0.884325
0.850024
-0.654815
-2.474349
1.622919
-0.597306
-0.924476
0.336102
1.873203
0.928957
0.976681
-1.920178
0.573076
-0.313738
0.005735
-0.614122
1.444473
0.258047
0.000557
-2.637401
1.209040
-1.664717
-0.892332
0.585677
1.466053
-2.043113
-0.606722
0.818042
1.829792
1.316778
-0.907675
-2.297065
1.235531
-1.434074
0.514585
1.625528
-1.744516
-2.074574
0.633479
-0.121102
-2.358703
0.279107
-1.056159
-2.856720
0.100410
0.587199
-2.938510
0.454608
-1.404962
-0.204014
-0.869303
-2.370662
-0.724361
-1.338371
-1.005857
-2.440260
-0.456172
1.122903
0.633064
-2.098584
-2.900655
1.688183
1.298477
1.504273
0.322227
-1.334717
0.406136
-1.066570
-2.835945
-0.728669
1.255425
-2.060509
-2.970920
0.742829
-2.267722
-0.606394
1.341384
-2.349293
-1.561162
-0.456822
0.189230
-1.603106
-0.401850
-0.894456
-0.125499
-1.253599
-1.235917
0.946820
1.207437
1.389720
0.026115
1.909785
0.753851
-2.020144
0.431485
-0.032015
-0.081208
-1.864805
1.227032
0.730304
-2.780190
1.356489
1.503808
-2.506999
-2.134153
-0.712001
1.394209
0.466601
0.164900
-0.532074
0.437001
-2.319945
1.683981
0.676530
-1.565438
-2.307079
-2.078640
-2.709704
1.009272
0.835628
-2.599155
-0.999317
-2.529392
1.517663
0.362000
-2.855248
-0.157228
0.466013
0.283130
1.568172
-0.732935
-0.442765
1.450844
-2.666108
-1.273985
1.129785
1.296940
0.672559
1.698681
-2.261154
-0.219290
-2.610372
0.473660
-1.188947
0.370930
-2.777613
-0.343262
-1.214134
-2.945370
0.172228
-2.366622
-2.821921
-0.019284
-1.113908
1.555822
1.700013
0.108996
-0.101752
-2.139915
-2.561012
0.069585
-2.491992
0.084136
-2.928714
0.099151
-0.567437
1.077827
-1.953259
-0.418301
-2.382903
-1.455152
1.266933
1.340268
-1.126866
-1.230121
-1.638205
-0.312789
0.947188
-2.608831
1.369199
0.125261
-1.741230
-1.860361
0.917361
1.088425
1.163753
-2.801511
-1.987328
1.970988
-0.602880
0.404254
-2.700402
-2.656419
1.561258
-1.938553
1.740397
-1.148895
-1.478902
-2.904392
-1.110447
-0.282828
-0.488913
0.836676
0.007632
1.274223
-1.126182
0.253198
-1.503174
-0.847746
-0.060246
0.447934
1.424931
1.808847
-0.696758
-2.415933
-1.584141
-1.653357
0.029833
-0.587774
-0.712436
-0.910377
-2.697206
1.049535
-2.459702
-2.208693
1.502679
-1.467670
0.870335
0.720103
0.772352
-1.072624
0.407754
1.122785
-1.352291
0.053009
-1.080763
-1.384032
1.569527
-2.967319
1.279209
-2.341769
-0.109614
0.713053
-2.725452
1.323146
1.121251
-2.140647
0.148810
-0.953715
-1.087728
1.556219
-1.623821
1.446105
-2.315733
-2.524630
1.539354
-0.080906
-1.787800
0.447890
0.680839
0.853640
0.127234
1.422775
0.570762
0.802003
-2.737053
1.349270
0.181779
-1.837458
0.842776
-2.462039
-1.489984
0.847899
-1.362273
-2.713551
1.342644
-1.184951
-2.470643
-1.098356
-2.071268
1.207157
1.693390
-1.196728
-0.397878
0.862439
-1.992462
0.687341
0.140356
1.962464
1.137427
-0.265570
-0.443825
-1.365494
-1.863926
0.990304
-2.963032
-1.680667
1.032843
1.982100
1.154131
0.477643
0.746663
-2.830641
-1.589141
-0.691227
0.541377
1.917640
-2.219252
-0.960752
0.636228
1.075217
-0.833520
-0.965839
0.145039
0.677191
-0.458411
-1.508902
-2.117488
-0.615481
-1.382737
-1.666319
-2.820716
0.229568
1.343844
-1.018276
-1.159667
-2.528337
-0.757333
-0.486168
1.966352
1.488550
1.049960
-0.330858
-2.725918
-1.499466
1.471246
0.227713
0.168950
-2.462853
-0.173647
-0.478580
-0.485625
1.102543
-1.559084
-0.521123
-0.512856
-1.563652
-2.303714
-0.525570
-0.256404
-1.378733
0.636152
-0.188468
0.417518
0.220813
-0.798512
-2.584798
0.296569
-2.567859
-0.008997
1.790351
-1.571180
1.170739
-0.385232
-1.590042
-0.841983
1.798822
0.798616
0.336363
1.255031
1.305782
-0.715528
-2.884316
1.293958
0.555503
-0.654539
-2.836442
0.916173
1.116627
0.143702
-1.799007
-2.912979
-0.431475
1.207897
-0.870079
-0.416790
-1.982617
1.147822
-0.550016
-1.122828
1.622975
0.335128
0.487604
-1.845811
0.449921
-0.182378
-2.225860
-2.024602
0.515444
1.060053
-0.682643
-0.176610
-0.288959
1.469383
-1.078195
1.781799
-0.309926
-0.927098
1.269574
0.726307
0.050231
-2.764117
1.494228
1.495272
-0.966226
-1.359887
-2.613114
-0.599980
-0.859301
0.729301
0.362007
-2.750727
1.529932
1.575091
0.555642
1.674628
-1.533002
-2.161915
-2.310862
-0.662608
1.549640
-2.199970
-1.897411
-1.785244
-1.590782
1.718982
-1.073208
0.589652
-1.717063
-0.672931
-1.950988
-2.252424
1.506311
-0.431068
-1.965983
0.731050
-0.232798
0.369195
-1.931543
-0.442497
0.956211
-0.965296
-0.736184
-0.042021
1.748665
-2.187443
-1.362325
1.396082
1.946176
-2.624430
-0.802902
-1.363120
-1.963100
-0.823606
0.648875
-1.352337
-0.735185
1.748593
1.603970
0.914741
-2.955798
-0.100446
-0.205068
1.424750
-1.227979
-0.647002
-1.171078
0.698420
1.339346
-1.608441
-0.074980
-2.194199
0.101749
-1.908154
-2.344083
1.002526
-2.537118
1.659492
-0.918608
-1.047184
-2.019654
-1.316352
-0.930508
-1.051459
1.127546
-1.334004
-2.608836
1.298370
-0.291722
0.030603
-2.644055
-0.626137
-0.492211
0.409976
-1.527198
0.380199
-1.999720
-1.296681
-0.313913
-2.936784
-0.534019
-2.266539
-0.725303
-2.161529
-0.817480
-1.390541
-2.826641
0.641484
-0.575875
-0.727531
0.386398
-2.802727
-2.431214
1.591556
-2.713411
-1.297354
-1.622625
1.536238
-2.444325
1.225338
-2.745001
-2.237814
-2.935679
-1.963180
-2.168255
1.141494
-1.902744
-1.414351
-2.990467
-2.773834
-1.820771
1.297196
-0.015934
0.208480
1.932817
-2.154864
1.196882
-1.005387
0.454903
-1.450871
-1.784120
-2.700353
-1.837155
0.936921
-0.173426
-1.763793
-1.074483
-0.831277
1.726034
-2.551885
-1.535065
-1.836566
0.834147
-2.486540
1.726655
-2.117652
1.617154
-2.486936
0.069780
0.785887
1.398255
-1.529646
-0.759346
0.670772
1.659041
1.508127
0.096741
-1.065729
1.296991
1.524538
0.902299
-2.065780
-1.565929
-0.568907
1.370684
0.087974
1.584008
0.429126
0.325390
1.822021
0.720894
-0.940194
1.153330
-2.988330
-1.856238
0.208043
-0.419627
0.327754
1.554972
-2.578572
-0.062448
-1.563671
-2.613599
1.235708
1.550864
-1.630706
0.717387
0.122549
-2.314061
0.572348
-2.539701
-1.750013
0.531811
1.140889
-2.081876
-2.092365
1.615380
-2.308416
0.454906
-1.399725
-2.184674
0.180427
0.441457
-2.429183
0.724857
0.672774
0.306442
-1.629265
-0.055892
-1.365809
-2.149074
-1.478029
1.762889
1.885245
-1.682582
-1.156427
1.924801
-1.865658
1.883802
-0.943270
-0.542070
-2.567285
-0.356853
0.371401
0.138603
-2.501312
-1.542840
-2.509932
-1.422475
0.471165
1.866488
-1.935467
-1.385332
-0.273792
1.381352
-0.618985
-0.273466
1.858441
-2.186397
1.221139
1.687014
1.645525
-0.666289
-0.314444
-1.853993
-2.059074
1.141459
-2.512614
-1.496492
1.464801
1.914636
-2.707747
-1.097398
-0.967652
-0.324581
-2.239608
1.901219
1.797493
-1.526181
-2.519693
-0.482584
-2.782031
0.412081
-1.152909
1.055760
-2.838011
-0.445152
1.330957
-2.594888
0.721139
-1.815737
0.909992
-2.761559
-0.529965
0.878323
-0.023228
-2.394724
-0.133562
-1.769178
-1.579752
-2.886344
-2.782601
0.818283
0.880251
-2.616346
0.070774
-2.507789
-0.408419
-1.296782
-2.014740
1.271096
1.317361
-1.113209
-1.701337
-1.371902
0.446524
-2.270811
-2.521558
-1.818662
1.752645
-0.293509
-0.002619
-1.013787
-0.713742
-2.854459
-1.897559
0.732819
-0.511847
0.381181
-0.496294
1.779488
0.850973
0.303152
-1.924325
0.874875
-2.978314
1.472608
-1.882975
0.845665
1.086651
1.348182
1.894646
1.309078
-0.331091
-1.653542
1.919243
-0.281671
-1.047742
-1.405309
-1.035716
0.720929
-0.342416
-1.990412
0.146180
-0.159162
-2.030363
-1.316975
-1.404460
-1.757953
-2.919094
1.780944
0.325008
0.408899
0.368845
-2.831334
1.768978
-0.781846
-2.487495
0.673401
0.859753
-2.129599
0.828716
1.231581
-2.823130
-0.342409
-1.865268
-1.564588
1.969940
1.785246
-2.368849
-0.247071
0.485460
-2.872272
-1.269527
1.064414
-2.392882
0.836634
-0.695450
-0.422974
-0.930302
-2.581403
-2.647947
-1.046249
-1.313344
-0.363906
1.832312
-1.327459
-2.605890
0.814282
-1.356009
-2.438906
-2.696151
-1.204642
1.582645
-2.476935
-1.842192
1.277128
-2.312217
1.564692
0.785968
-2.230174
0.467726
-0.926631
-0.893609
-0.882602
-0.894469
-0.334267
-0.024097
-2.007886
1.454551
-0.358621
0.653425
0.110977
-1.806538
0.522226
0.046856
0.513568
-0.463740
-1.081816
0.924147
0.137918
0.977647
-0.690010
1.007371
-1.108676
-0.523685
1.427478
-0.374103
0.442261
1.073104
-1.336905
-1.357216
-2.726460
-0.608264
-0.098863
1.417423
0.626409
1.060212
1.987754
1.174393
1.025001
0.187646
1.767046
1.750970
1.548349
1.108622
0.599727
-2.384133
-2.123419
-0.300885
1.025148
-2.327756
0.410959
-0.005420
1.912480
1.059647
-2.522185
-2.365047
-1.336078
-2.467406
-1.694642
1.159275
1.929518
-2.591816
-2.652451
-1.742384
-1.250308
-0.925830
-2.431393
-1.417839
-1.623708
-1.655844
-1.771353
1.878109
-1.630652
1.629511
0.194068
-0.291786
-1.048027
-1.182016
1.848358
-1.653393
-0.570684
1.517742
1.691192
1.865001
-1.927333
0.311168
-2.193104
-1.498418
-0.910540
-0.453575
-0.244071
0.901875
0.801345
1.209335
-1.703503
-2.773050
1.355469
-0.628819
-0.563645
-0.188917
-2.129294
0.962462
-0.898598
0.265991
-1.495123
-0.532052
0.808480
1.121169
1.490599
0.505041
1.231486
0.590700
0.894068
-0.395917
-1.186825
1.033934
0.326953
-1.901217
-0.759238
-2.517111
-2.081492
-0.635572
0.948287
0.860422
-0.893007
-0.765024
0.238842
-2.775973
-2.772803
0.502114
-2.962527
1.804213
1.410480
-1.063896
-2.891846
-0.249589
-1.841071
0.119581
-2.194995
1.714196
-1.502418
1.859930
-2.153638
1.809582
1.644135
0.972234
-1.665917
-1.072585
1.056639
1.920800
0.884973
1.735446
0.650891
-2.477894
-2.961343
1.706357
1.744216
-1.953766
1.047630
0.524461
-2.388606
-2.303170
-1.374588
0.302382
0.144244
-2.697096
-2.096124
-1.553868
-2.861678
1.771687
-0.262274
-0.034853
-2.763754
-2.415956
-1.978707
1.869054
1.187515
1.565825
-0.172710
0.262245
0.548467
1.084835
0.811998
0.248959
-2.754557
-2.844068
-2.247589
-2.232849
0.504022
-0.907871
-0.588444
-1.981273
-1.252323
0.201604
1.363834
-0.030326
-1.687923
-0.923200
1.775424
-2.456091
-1.519582
-1.611432
-0.333028
0.799327
-2.703418
1.645183
-1.418866
1.122827
-0.655939
-1.372291
-1.097221
-2.988544
-0.465525
-1.073715
-2.926064
-0.353586
0.288095
0.013469
-0.628108
1.394851
1.262921
-1.087113
1.897788
-0.879013
-0.571280
1.502337
-2.216295
-1.265812
-1.501156
-1.922548
0.736152
0.506212
0.911283
-1.064125
-1.743006
-1.706689
-1.329990
-0.144085
1.366655
-2.627416
-0.981942
-0.495623
-1.932540
-2.197188
-0.140646
-0.839051
1.061394
1.856127
-1.077426
-0.301836
0.051803
-1.349533
1.394546
1.128079
-2.372224
-1.976078
1.062683
-1.491910
-1.525017
-2.953770
-1.012226
0.523457
0.741889
1.940621
-0.978420
-1.297474
1.347019
-2.654451
-0.355036
0.914864
-0.885567
-0.724727
-2.485241
-1.442354
1.361661
-1.563035
-1.929197
-1.006674
-1.175382
-1.643607
-1.105443
-1.175459
-2.944898
-1.893477
-0.672381
-2.702332
-0.102042
-2.016292
0.189330
0.061484
1.370310
-1.198478
0.171060
-1.989874
-0.806577
1.866243
-1.055933
0.942277
-0.141848
-1.033354
0.422027
0.999320
-1.426327
0.723142
1.852912
-0.102305
-1.445743
-0.594937
-1.104692
1.448396
1.191999
1.935170
-2.596089
0.523941
-1.124086
0.479216
-2.811009
-1.628865
1.664534
-1.182508
-1.414958
1.803752
-1.338017
-0.051047
0.058915
-1.812700
1.955529
-0.422843
1.282722
1.701261
1.090983
-0.841696
1.614543
-1.369584
-0.596784
-2.145794
-1.357693
-0.748997
-0.391068
0.331542
0.219943
-0.421808
-1.338121
-1.801766
0.713397
-1.945248
-0.785732
-2.790016
1.207536
-1.944163
-2.551857
-1.051200
0.487186
1.133192
-1.442134
0.061107
0.034042
0.150552
-1.675815
-2.429929
-1.825822
1.414196
1.387557
-1.326823
-1.908495
1.924628
0.222580
-1.092588
-0.125366
0.969599
-0.954128
1.972670
-2.342838
1.915016
-1.332621
0.638690
-2.540351
-2.686620
-1.031030
-0.514373
-2.069477
1.306239
1.953609
-2.690337
1.505230
1.406277
-1.710927
-2.540167
0.406048
-2.558667
-0.515254
-1.883346
-0.392226
0.865679
-2.539794
1.686748
-2.825993
1.533834
-2.859226
-2.020366
1.707503
0.999941
-0.983642
0.936173
-2.743710
-0.524531
-2.784700
0.552585
0.291500
-2.754210
-2.010175
-2.007241
-2.691605
0.192110
1.782404
-0.126567
0.781323
-0.309399
-2.068039
0.468863
-1.829234
-0.932938
-1.889728
-2.654808
-1.351404
-0.049967
-1.793300
-1.989553
-0.423365
-2.496939
1.952833
-0.737482
-1.852938
0.663778
-0.879603
-0.482476
-0.979500
0.537757
1.086872
0.060894
1.448274
-0.860153
1.411741
0.132378
-2.127151
1.978592
-2.809031
1.620173
-1.746275
-1.646041
-2.006753
0.505304
0.636832
1.238579
-0.204148
1.883590
0.499606
-0.124470
1.035751
0.864937
-0.001839
-2.906379
0.485396
1.049020
-1.122866
0.982856
1.859435
-0.471699
0.159899
0.417573
1.145772
-0.005020
-1.369795
0.862410
-2.471906
-2.317561
1.758318
0.055383
-1.183537
1.294675
-2.397014
1.381950
-0.561748
1.703498
-1.300299
-1.127620
1.095739
-0.905391
1.094368
1.043799
1.135395
0.578471
0.368094
-0.446698
0.350582
0.221281
-2.928393
0.499581
-0.547485
1.418302
0.397273
-0.041469
1.024438
0.741375
-1.712487
1.239187
0.012120
1.708410
1.241013
0.704988
1.740615
-2.476802
0.393606
-1.665244
0.238201
1.441130
-0.933484
-1.064620
-0.061537
-1.248640
-2.892871
-2.489554
1.061518
-1.062176
1.001153
-0.620211
-0.892858
1.744110
1.253721
-0.709677
0.459492
0.678429
0.352610
-0.691828
0.438708
1.363816
-0.349407
0.516454
-1.952186
-2.390455
1.623640
1.514392
0.379565
-2.647535
0.884861
-0.132786
1.265483
1.975645
-2.334335
-0.160886
-1.003152
-1.974103
-0.748933
0.679423
-2.929796
1.915913
-1.256764
0.564612
-2.564260
0.476002
-1.829275
-1.623341
-0.495709
1.621695
-1.172792
1.888185
-2.277922
-2.030373
-1.474364
-1.629379
-1.980983
-1.373247
-2.168200
-2.944229
-0.658333
-1.600612
1.517944
0.094841
1.991375
-2.950737
-0.039709
0.614610
-2.243080
-1.442172
-0.582533
-2.633655
-0.831146
-1.062665
-2.207534
0.970695
-2.535042
1.553242
-1.663239
-1.052257
-2.286225
-1.579859
0.317348
1.664264
-0.715267
1.501972
1.647323
-0.441672
-0.188103
1.561766
1.592151
-2.728216
-0.125729
-0.128356
0.720551
-1.692145
-1.886377
-1.341850
0.522556
0.590743
1.621177
0.122290
-1.674366
1.924440
-2.932855
0.501989
-0.079169
-2.590590
-2.048908
-2.992074
0.208797
-2.761531
-0.057526
1.156905
-2.907954
-0.979511
0.360725
0.702104
-1.731494
1.782290
-2.055063
-1.445054
0.983159
1.952954
1.293892
-0.562337
1.803180
-0.944611
1.917830
0.972107
1.203119
-1.181541
-0.160489
0.662880
-0.978430
-1.471807
1.342788
1.236998
-1.786724
-1.475350
1.798557
1.356447
0.803191
-2.769794
1.077404
0.928189
-1.928884
-0.759759
-1.269144
-2.501528
-0.177249
-1.027990
0.578005
-2.477098
0.416779
-2.202414
-2.964210
-1.471011
-0.283590
1.693998
-0.968211
0.283580
-0.873825
1.624453
0.172932
-0.530256
0.982733
-0.198156
-2.413890
-2.257333
-0.995360
-1.024780
-0.469902
0.365380
-1.065978
-2.893482
-2.753368
-2.855364
-2.105916
-1.127856
-2.886043
-2.728176
0.552622
0.909431
-2.188147
1.808039
0.713925
1.945625
-1.885334
1.190078
-0.362847
-0.370955
-1.631800
-2.661511
0.988519
-2.960331
-1.291951
-0.826333
-0.176043
-0.751784
-2.239675
0.789406
0.539310
-2.818252
1.642566
-0.396330
1.875960
-2.746098
-0.674587
0.208347
-0.310808
-0.750280
-1.958858
0.468044
-0.592883
-1.575611
1.700527
-1.243061
0.865702
-2.149023
-0.631490
-0.452256
1.934920
-1.791063
0.611807
0.645190
1.715255
1.285902
0.152467
0.515020
-1.065073
-2.684968
1.738063
-0.369062
0.176443
-1.521428
-2.636803
1.251837
-2.374971
1.857109
0.434961
-1.614900
1.384783
-2.955196
0.022727
-0.022238
-0.759151
-1.041840
-2.208427
0.967662
1.498155
-2.515326
-2.086384
-2.854868
1.237972
-0.403472
1.838082
0.643721
-2.976393
-1.228045
-1.746686
1.454310
0.594598
1.409309
-0.732970
-1.030251
-2.433223
-2.179618
0.153862
-1.042891
0.125618
-0.731557
-2.281290
1.354142
-2.941524
-0.193819
0.483691
-2.602653
0.215453
-0.875248
-2.288275
-1.042650
-0.809718
-0.923596
0.120818
-1.406593
-2.612938
-2.645604
-1.659655
-0.817624
1.200306
1.553724
1.433179
0.447266
0.197613
-0.725133
0.688287
1.037316
-2.824570
0.445896
-2.824357
-0.967357
-0.371429
0.395752
-0.602470
-2.707015
1.203032
-2.629850
-1.885874
-2.880019
-1.478593
-2.712926
1.850562
0.395544
0.903096
1.328268
-2.795301
-2.620503
0.206458
-2.061918
-1.664510
-2.414684
-0.598162
-0.309029
-0.856993
-0.484778
0.332487
1.105007
-0.146281
-0.549742
-1.508753
0.383663
1.230854
-0.033870
-1.257159
-1.066984
0.206334
0.862294
0.567941
-1.614290
1.627348
-1.163408
-0.401983
1.871663
0.043632
1.319287
1.256928
-1.805754
-1.313117
-1.555086
1.669979
0.336667
1.360563
-0.018122
-1.583594
-2.470756
-2.998716
-1.419296
-1.099151
-0.438393
-0.073480
-1.972706
-2.276047
-0.528689
-2.669442
-2.315172
1.905519
-0.948957
-1.116087
-0.070843
-2.652408
-1.016371
0.852609
-2.198117
-0.751905
0.734939
0.125212
-2.562021
-1.885892
1.809196
0.155840
-2.800271
-1.146177
-0.791454
1.033807
-1.813442
-0.513208
-2.480779
-1.448440
-0.929416
-2.688644
-0.048578
1.543329
1.729443
-0.251671
-1.826820
-0.362488
0.669516
0.548467
1.082212
1.746839
-2.878824
-1.402351
-1.321092
-0.598917
-2.992796
-1.915658
1.527833
1.289436
-0.454469
-0.256808
1.828214
-0.217822
-2.939974
0.862512
-0.758244
-0.803469
-0.900334
1.088269
-1.469233
-0.401886
-1.507848
0.600356
-1.820726
-2.940006
0.314588
0.281208
-0.732076
-0.996070
-2.946023
-0.801868
1.004532
1.173324
-1.941017
0.329629
-1.920451
0.974380
-0.602673
-1.125534
1.154860
-2.256558
-2.970247
-2.945484
-1.756385
-1.566066
-2.863442
-2.878044
1.719613
-0.461669
-1.269538
0.871142
-0.718560
1.163202
-2.060458
-2.109902
1.872592
0.651799
-2.212130
-1.270991
1.445591
-0.947710
-0.154996
-2.016681
-1.364159
0.579205
-2.302283
-1.472946
-2.802859
0.345863
0.913590
-2.293074
-1.694324
1.498932
0.558545
0.473331
-1.720194
1.696849
1.938952
0.969251
-1.795339
-1.255511
1.624941
-1.610945
-2.160264
0.449974
0.710337
1.631945
1.096474
1.442741
1.154989
-0.103054
0.967538
-0.585029
0.413915
-0.333019
0.946268
1.918554
-1.864893
-0.262639
-1.172291
0.302784
1.890378
-0.412162
0.801475
-1.606403
-0.822210
-0.883678
1.020788
-0.620530
-1.244333
-0.506978
-2.775463
0.796367
-2.458270
1.860797
-2.579843
-1.413605
-0.461193
1.728894
0.517557
1.586644
-0.281724
-1.935331
0.894137
0.764694
0.209468
-1.474811
0.848267
-0.183745
-0.206702
-1.035749
0.161696
0.624932
1.231290
-2.698997
0.957889
-2.759022
-2.890027
0.317196
-0.882632
-1.399974
-1.360003
0.428142
-1.219907
0.018687
-2.932466
-2.958336
-2.761085
-2.561391
-1.291923
-0.352329
1.410096
-2.515446
0.905566
-2.162861
1.802430
1.438929
-2.915857
1.190489
1.551202
-0.942775
-2.222013
-2.375466
-1.450934
-2.846354
-0.666649
-1.369510
0.647766
-0.006723
0.000642
-1.205019
0.255026
-0.778648
1.254813
-2.354532
0.376335
-1.937454
0.213759
0.646238
-0.676393
-0.133000
-2.323259
0.980581
-1.376800
-1.885628
1.243969
0.385802
-2.822475
0.657827
-0.900210
-1.838057
0.783113
-0.215718
-2.568893
-2.392420
-1.394716
-2.998494
-2.690031
1.656898
0.497633
1.714382
1.615921
1.776238
1.230937
1.368145
-2.577791
-1.929566
-2.209033
0.785204
-0.083420
0.958259
-1.547272
-2.005267
0.483396
-2.566175
-1.707476
0.451390
-0.495192
0.311548
-0.820483
-1.854422
0.723057
0.416343
0.478992
-1.580658
1.880098
1.805045
0.394949
0.917470
-2.077935
-0.847863
-2.030573
0.152080
-0.992959
-0.655115
-2.512613
-1.485887
-0.301496
0.759848
-1.236818
0.802209
0.722046
-1.579126
-2.377917
-2.652151
-1.693632
-1.880866
1.289491
0.475461
-0.936821
-2.147403
1.590853
0.463176
-2.406968
-0.916945
1.902189
-1.901392
1.298164
1.247614
1.651443
-1.205423
-1.541471
0.490750
1.036966
1.284404
-0.020306
1.715547
1.198592
-2.262537
1.531815
-1.790763
0.637628
-0.391087
0.006982
0.347869
-0.374520
-1.559092
-0.659102
0.475939
-2.885483
1.694460
1.788034
-0.506859
-0.775317
-2.748806
-1.184103
1.781762
-0.920813
1.890849
-2.503850
0.790260
-0.096485
1.376595
-0.573290
-2.290203
1.552816
1.186121
-1.867772
1.355099
-1.859392
-2.796786
-2.585917
1.500682
-0.035242
0.693166
-1.952978
-0.696222
1.599262
1.794021
0.117280
-0.883204
-1.006999
-1.625705
-0.216959
1.570154
-2.420581
0.287132
-1.165632
-2.778336
-2.485483
-0.515548
-1.822489
-2.574945
0.902894
-2.051549
-2.389111
-0.778893
-2.853013
-2.593395
0.810874
1.367804
1.673858
0.538110
-2.984105
-0.856942
0.372209
-1.279712
-0.112212
-2.956836
-2.537245
-0.477850
1.769139
1.917351
-2.077431
-2.385053
-2.589499
1.299076
1.567693
1.214044
-2.565253
-1.201482
-0.305852
-2.450593
0.885421
-0.731360
1.033490
-2.131068
1.136638
1.483056
-1.280575
0.371125
0.492205
0.486935
1.911453
-1.213503
-2.339818
-2.313370
-2.816489
1.265100
0.527969
1.574282
1.950477
-0.327836
-1.934973
1.915002
-1.557199
1.161859
0.364928
1.347844
1.213093
1.451775
-2.014739
1.283188
-0.456756
1.297014
1.913116
1.753480
-1.261533
0.413121
1.324430
-2.305715
0.853169
-2.782799
-2.504324
-2.172327
-2.299831
-0.256233
1.489240
-2.341383
1.381850
-2.241639
-2.225038
1.795318
1.914814
0.272065
0.600060
-1.797279
1.126647
-1.441636
-1.578178
-1.435329
-0.573880
-2.206135
-0.509383
1.798953
-1.998418
0.592970
-0.958878
-2.855084
-2.393542
-0.252549
-1.587470
-2.603992
-2.302224
-0.480093
-0.919055
1.437036
0.269326
-0.441336
0.468054
-0.421055
1.336527
1.015376
-1.579415
-2.229601
0.099913
-2.766941
-0.977397
0.887511
-0.608532
0.399919
-0.568361
0.559429
0.316588
-1.097335
0.082764
-0.980346
1.328710
-0.371324
-2.847737
1.081012
1.573472
-1.654609
-1.014921
0.219110
0.578421
-0.475863
0.175918
-0.349338
1.684305
1.116561
-0.964277
1.396325
1.041558
-1.530651
-2.649903
1.077912
-0.523107
1.139415
-1.844352
-0.023294
1.488061
-2.152819
0.571079
1.113916
-0.409484
0.793550
0.199318
-2.058082
-2.178279
-2.340122
-2.429351
-2.095532
-1.599939
-2.183517
-0.377306
1.614762
-2.687786
-0.617419
1.043953
-1.282882
1.606335
0.673753
1.765571
1.943023
-0.617129
0.914381
0.998058
-2.645610
-1.762650
-1.854916
-2.565733
0.717988
0.216335
-1.055626
1.090463
0.415193
1.147586
0.478806
0.288090
-0.073560
1.671688
-0.936332
1.073454
-0.458793
-2.928364
0.984855
0.453069
-2.273695
-1.001298
-0.808914
-2.411213
-2.257197
1.294283
1.012831
0.645133
0.754724
-2.346837
-0.288726
0.384329
-2.588121
-0.545906
-2.047685
-2.435763
0.128555
-1.380547
0.153227
-1.719507
-1.751900
-1.178016
-0.911508
-1.719627
1.220875
-2.753590
-1.580090
1.429951
1.187204
1.343172
-2.311805
-1.503336
1.435683
-2.484199
1.062573
1.670889
0.636906
-2.525129
-1.837444
1.078311
1.167695
-1.547812
-1.076381
-2.732263
1.863161
-2.849631
-0.751297
0.954691
-1.515653
-0.576245
-1.957125
-0.404519
-0.749061
-1.469971
-2.810243
1.248251
-2.635745
-0.965635
-1.420398
0.377828
-1.840792
-0.191758
0.120815
-1.471357
-1.088135
-0.279645
-1.989496
0.533487
-0.686960
-2.740476
-1.172353
-0.730492
0.613899
0.795176
-2.482192
-0.200923
1.091215
-1.949134
-1.093457
0.271490
0.926080
-2.368758
1.278015
-2.403453
-1.841162
-1.411569
-1.247868
0.088962
-1.814228
1.277603
0.671149
-1.999134
-1.449073
-1.576604
0.015921
0.580974
-2.562393
1.860487
-2.802731
-2.498834
0.105067
-1.143395
0.965507
0.268443
-0.271132
1.090190
0.834184
-1.865948
-2.984435
-1.393629
0.279365
-1.708845
-2.561541
1.188729
1.975979
-1.721145
0.713838
0.468006
-1.219736
-2.094753
1.492246
-1.825378
-1.126179
0.314948
1.329974
0.878247
-1.310705
-1.018563
-0.987089
-2.009130
0.545858
-2.767291
-1.857192
-0.821965
-1.774991
0.728807
-2.938484
0.901924
1.637319
1.418176
-1.721013
-2.059208
-1.112067
-2.503331
-0.492965
-2.254185
1.916296
0.184142
-2.124191
1.725773
-1.931678
-2.712066
1.313027
1.047320
0.312060
-2.213198
0.774222
0.344300
-0.341570
-2.768647
0.353282
0.608118
-1.356637
1.996161
-2.529432
0.836847
-2.110190
-2.962226
1.867796
0.044031
-1.976489
-0.842993
-0.174655
-2.437109
-2.484174
1.488172
-0.304192
0.454327
-1.130955
0.044927
-1.921137
-0.546075
0.115491
-0.937831
0.867419
1.706135
-1.987318
-2.855775
0.986061
0.728061
-0.479732
0.146381
-1.777153
-0.605973
-1.589095
0.077048
-2.051650
0.914094
1.170949
-1.864892
-0.235247
-0.790033
-0.078588
-2.834160
-0.726830
-2.841373
-1.950247
0.204299
1.653742
-2.554076
1.636741
1.712969
-2.128266
-1.773076
-2.087910
1.492407
0.883642
-0.636191
0.541173
-1.513362
-2.070196
-0.777949
-1.995106
1.246007
-0.351214
0.144859
-2.358189
-1.074164
-0.477062
0.015347
0.939161
-2.513563
-2.450272
1.287494
1.911528
0.051082
1.535991
-1.605410
0.871827
0.795321
-0.046704
-1.956630
-2.088571
0.385419
0.743154
-1.819317
0.740200
-1.457516
1.526547
-0.321166
0.170332
0.769254
1.858189
-1.415963
-0.088018
-1.319233
0.647980
-1.400567
-1.332715
-0.940711
-2.523688
-2.618666
1.079098
-0.606719
0.871926
-2.532537
-1.340578
1.898483
0.805365
-1.230471
-2.531892
-0.501840
-1.418717
-1.383927
-1.662771
1.815201
1.075306
0.670278
-1.637536
0.929672
-1.993211
-1.897578
0.403955
-2.729705
-0.154458
-2.974838
-0.099828
0.185964
-1.511621
-2.819727
1.839901
1.226198
1.715312
-2.758929
-1.318179
-1.633433
-0.109723
-1.107478
-0.388041
1.191124
-2.779187
-1.791577
1.957682
0.762884
-0.203842
-2.977225
-0.211810
-1.889650
-1.355122
-2.528616
-0.452137
-1.059142
-2.998272
1.033913
-0.032747
-2.377960
1.620153
-2.077174
1.936276
1.000225
-1.222274
0.238034
-1.355819
0.749478
-0.516639
-0.152433
1.059890
1.567914
-0.059274
1.783328
0.384788
0.127466
0.324846
-2.318825
0.503543
1.045721
-1.561501
-1.147101
-1.332706
-0.786688
1.139983
-2.305925
-2.686306
-0.747487
-0.011287
-1.694489
-1.282951
0.451750
0.561557
1.090414
-0.417689
-2.103828
-1.039582
0.741051
-2.162966
0.035079
-2.424389
1.290285
-1.182302
-2.946350
-1.306232
-0.837247
1.394171
-0.165300
-0.196115
1.894212
-0.974650
-2.946694
-2.080723
-2.705783
1.897323
1.301114
0.816941
-1.667440
-1.668609
-1.306417
1.048641
-2.491731
-0.523001
-2.083607
-1.189554
0.165110
-1.999485
-2.351565
0.254334
-2.405972
0.824481
0.042495
-2.778658
-2.911388
1.308999
-1.658287
-2.831655
1.368705
1.828958
-2.715863
-2.504127
1.138267
-1.157757
-0.426918
-2.211706
0.863879
-2.787537
-2.133757
0.944521
-2.428531
1.683261
-1.431646
1.322526
0.698953
0.302261
-1.902704
-0.747896
-1.890117
0.797378
-0.468787
-0.908701
0.453578
1.292774
0.657781
-1.669425
-0.029564
1.114021
1.356066
-0.596823
-2.796048
-0.174821
-0.217191
-2.337278
0.365621
-2.004053
0.876253
0.186878
-1.143645
1.754137
-0.215357
-1.495005
1.454203
-1.216267
1.195889
-2.692420
1.502224
0.883384
0.043849
-0.029438
-1.761080
-0.476764
0.026180
-1.991980
-1.206028
-1.703308
0.511247
0.530574
0.366613
-0.329035
-2.081573
-2.001547
-1.999567
1.285512
-1.393782
-2.294806
-0.802743
1.291936
1.573838
-0.496078
0.412880
-2.730881
0.073981
1.399421
-1.935157
-1.176061
1.935685
1.061831
-0.797926
-2.736408
-2.812343
0.945378
1.971010
-0.228779
-2.089473
0.233999
0.819887
-2.164794
-0.689446
0.473052
-1.415429
-1.110703
0.416034
0.288857
-2.180243
-0.345369
-1.616441
0.473787
0.943465
-0.185623
-1.773501
0.764932
-0.788792
0.769333
-1.816415
-0.491541
1.673295
1.080608
-0.220364
-0.662363
0.673041
-0.200909
1.322641
-2.376739
-2.844079
-2.444109
-0.146709
-2.745619
-2.612684
1.626225
-0.046442
-2.542636
-1.091436
-0.768916
-0.168943
-1.425089
1.531697
1.235583
-0.561786
1.058762
-2.383286
-2.894062
-2.502128
-0.270409
-1.763402
0.508316
1.260019
0.140559
0.367326
1.652159
0.829851
0.296068
-0.978858
1.330086
-2.249412
-2.867959
1.220693
-0.822778
-0.439088
-1.753201
1.951469
1.343348
0.653685
-0.520030
-2.151685
-0.362712
1.896502
-2.503819
1.312436
1.104740
0.363692
0.563512
-1.060123
0.509728
0.002914
1.986137
-0.988704
0.850626
-0.538176
-2.125572
-1.491425
1.615973
-2.346544
-0.356078
-1.609316
0.222246
-1.713760
-0.168633
-1.218988
0.468370
-0.104093
-1.494031
-2.174911
-0.732541
1.184644
-1.692467
-2.301246
0.950978
1.090262
-2.969281
-1.711208
-2.264751
-0.668210
-2.601543
-1.133643
-0.145391
-0.579032
1.206985
-1.197749
-2.571045
1.440050
0.917205
-1.537635
-0.025681
1.388680
-2.452594
-2.747853
-0.168260
0.053730
1.032500
1.227566
-0.293046
-2.225634
1.770913
1.738871
-1.804868
-1.421414
-1.713319
-2.747161
1.461685
-0.450779
1.763255
-1.969646
-0.842088
0.030454
-0.164615
1.313813
-0.742277
-2.451511
0.456321
-2.615350
1.811182
-1.467395
0.485623
-0.130851
-1.213096
-0.503327
-1.424672
-1.455446
1.328337
-1.634807
1.802723
1.363633
1.579643
-2.938546
-0.146535
0.177530
1.751188
0.214064
0.777832
1.020537
0.164657
0.395240
0.802807
0.782491
-0.671669
-0.738475
1.453181
1.615535
0.299996
0.026627
0.520082
-0.975456
-1.490852
1.253873
1.835732
1.152019
-0.024607
-0.571734
-1.139369
-1.370327
1.919570
0.216784
1.483006
-2.108175
0.907717
-0.992591
0.528734
-0.560067
-0.052661
-2.072759
1.137145
-0.014925
-2.835182
-2.899215
0.890017
1.519953
-1.155663
-0.235570
-1.231942
-2.248818
-2.882842
1.076939
-1.884562
-0.841276
-1.328693
1.650162
-2.723947
1.625407
1.213428
-2.914256
-1.907188
-1.113523
-1.986289
-0.551790
-0.937421
-2.238646
-1.917801
0.516791
-1.300569
-0.665192
-1.883070
-0.759093
-0.079118
-1.745108
-2.021655
0.050883
-1.817452
-2.916874
-0.896627
-1.613206
-0.152591
-1.588788
0.234273
0.431536
0.819181
0.968630
-2.229963
-0.984620
-0.504955
1.220916
-2.071052
-0.169586
-2.229900
0.065209
-1.026053
-1.881165
1.257645
0.227641
-1.044646
0.630028
1.887067
-1.061286
0.962706
-1.803685
-1.532497
1.321556
-0.610027
0.282439
-0.053360
1.174695
1.102201
-2.303052
0.607714
1.851052
-1.361724
1.501568
-0.146396
-2.476359
-2.166060
-1.978501
0.327879
-1.344704
-2.440057
-2.040157
-0.921017
-1.533931
-2.782253
1.679294
1.899036
0.097339
-1.018432
1.220964
-1.252962
-0.524591
1.194428
-2.236501
-0.866727
0.922582
-1.168623
1.956495
0.808656
-0.921559
-0.640773
-1.467914
1.770335
-2.980972
1.812214
0.882765
-0.364909
-0.026157
-1.615387
-1.806217
0.911111
1.048571
1.336192
0.377846
-1.536659
1.366689
-2.056365
1.672770
-2.753289
-1.525664
1.164289
1.216384
1.771370
-0.574539
1.718379
-1.210274
1.927248
-0.732609
0.036946
-1.051410
1.956280
-2.797618
-1.561268
-2.239161
-0.568952
0.618844
-1.089644
-0.641268
0.204203
0.040728
-2.492213
1.379837
-1.079220
-0.455897
0.738622
-2.983312
-2.525740
-2.105601
-0.842044
0.763002
1.772355
0.971971
-1.089929
-0.438089
0.036161
0.760728
-1.451319
0.676191
-2.259317
0.663602
1.159329
-2.146931
-0.475126
-2.446405
1.266433
-2.052457
-2.647048
-0.931456
-1.986925
-1.251337
1.779342
-1.608698
0.607094
1.435016
1.311414
-1.065688
1.979528
-2.064959
-2.757553
1.812225
1.064846
-0.138268
-0.868336
-1.120068
-1.976439
-0.003419
0.541567
0.123830
-0.791272
-0.906435
-1.457478
-2.834469
-0.918453
1.566863
-2.740725
-0.360712
0.506805
0.869673
-0.409425
1.803034
1.600922
-0.305598
1.808987
1.641996
0.021298
0.954291
1.765566
1.863389
0.985877
-2.369772
-0.767035
1.447750
0.327629
-0.533885
-0.014227
-1.122942
-0.283881
1.810735
1.028877
0.342796
-0.623639
1.506669
0.588623
0.981457
-1.657357
-2.190578
0.953687
1.621417
-0.840712
-1.852486
-1.738265
-2.021806
-2.501610
-1.551677
-1.036654
-0.050653
1.679985
-1.501620
0.280079
0.295514
-0.298264
0.078099
0.601078
0.314451
-2.022601
-0.853082
0.243262
1.507894
1.170291
-2.916351
-2.115128
-0.953398
-0.756875
-2.794765
1.385339
1.396963
1.760358
-0.664455
0.509242
1.832342
-0.833928
-2.832969
-0.714100
1.121310
-1.136915
-0.129861
0.428856
0.791691
-1.045583
-0.108174
-0.081866
-2.915795
-2.760582
0.903258
-0.939468
-1.638082
1.753529
-0.445986
-2.691666
-0.822971
1.331283
-2.136856
-1.140788
-0.220091
-1.074506
-1.217861
-0.583012
-0.676775
-1.558331
-2.874258
0.345139
-1.255358
-0.796035
-0.963619
-2.538441
-0.572053
-1.501919
0.252616
-1.291144
-2.267109
-0.300396
-0.753055
1.407134
-2.307942
-1.575581
-2.785437
-1.841136
-0.976737
1.991642
1.520663
0.787102
1.825314
1.043541
1.799743
1.274596
0.131704
1.553219
-2.043600
1.211239
0.295116
-1.976270
-2.170390
0.247808
-2.083615
-1.323268
-2.158001
-1.516415
1.610931
-2.073917
1.676329
-2.932788
1.638808
1.442248
-2.139515
-0.823995
-0.887004
0.125406
0.704197
-1.563077
-2.643666
0.908646
-0.385245
-1.814150
-2.426546
0.040421
-2.647912
-0.453480
1.358731
-0.816803
-0.006696
0.463103
1.362883
-1.026486
0.857647
-2.529128
0.943788
0.242707
-2.821334
-0.161620
1.649459
0.461366
-2.819574
-0.580958
-1.153408
-2.328786
-1.901204
-0.538926
0.271625
-1.791672
0.365642
-1.653980
-0.438483
-1.587060
-0.723244
-2.567333
-1.170952
-2.189322
-2.927012
-1.288034
0.009124
1.355506
-0.003453
-0.036684
1.454353
1.309498
1.728568
0.035186
-0.633951
-1.809922
-1.352743
-2.555670
-0.145329
0.455810
-1.208977
-1.284022
-2.557352
1.588017
-2.204383
-1.063256
-2.138493
1.355942
-2.684428
0.814343
-0.338463
-0.553381
-2.670186
0.192260
-0.684982
0.501676
-0.336415
-1.126709
1.409987
0.661558
1.808573
-0.310560
-1.572799
-1.033681
-0.079128
-1.911966
-1.407298
0.545413
-0.238265
-1.514375
0.893520
0.395576
1.451646
0.811839
-2.418268
-0.832757
1.862128
-0.212549
0.692641
-0.786679
1.286923
-2.683953
-1.196382
0.408740
-2.306404
-0.735766
1.979719
1.136809
-0.648423
-0.050465
-0.166184
-0.061442
0.334791
-0.167574
1.579232
0.156209
-1.594703
0.823731
-2.553459
-2.983341
1.992939
-1.679572
-0.569359
-1.220111
1.587254
-0.017989
0.666174
-0.618176
-1.692798
-2.852373
-1.829085
1.569309
-1.628103
-0.521195
-1.731226
1.291179
-1.162247
-0.884857
1.203912
-2.850065
1.965523
-2.453267
0.949539
1.904237
-2.484425
-2.728520
-0.233687
0.418834
-2.649032
0.712754
-2.751547
-2.244399
1.383337
-2.255368
-2.971056
-1.543175
1.859739
-0.364954
-0.775649
1.668332
-2.349897
-1.718772
0.594080
-2.290287
0.150175
1.983730
-1.453616
-2.921545
0.596319
0.337840
1.077966
0.366125
1.462904
0.032356
1.804695
-0.498424
0.989932
0.780373
-1.276953
1.248147
0.600387
-1.294637
-0.969887
-2.895654
0.743076
1.881623
-2.559565
-0.606921
-2.515600
-1.691067
1.229789
-2.931368
0.498160
0.570114
-0.088351
-1.911565
0.321462
0.816458
0.215519
0.229797
0.189722
1.650818
-1.704341
-1.853510
1.063132
1.057993
-0.309239
0.610418
-2.696212
-2.241792
0.194961
-0.294232
-2.157675
-1.037174
1.216411
-2.787848
-2.366311
-2.589875
-0.034844
-2.621940
1.048765
-0.410269
-2.390556
-0.070143
-0.893718
-2.724264
1.290915
-0.600659
-2.279891
-0.130358
-2.926380
-0.662486
-1.397425
1.477238
0.934654
1.730861
-1.416737
1.903148
-0.799929
-1.406466
-0.476848
-1.379397
-0.521041
0.856133
-2.973750
-1.820756
1.555506
1.388764
-1.037860
-0.319579
1.827806
-2.055173
1.702171
1.384883
-1.272996
-2.245089
-0.214286
1.500205
1.948169
0.879082
-2.262529
1.680398
0.454144
0.804670
-2.918332
-0.407016
-2.711979
-2.232481
1.687558
0.783163
0.620569
-2.098541
-2.185716
-2.334870
0.844660
-0.806175
-1.390636
0.586954
-2.068172
-1.774684
0.890728
-1.532625
-0.829796
1.625080
0.713447
-1.094874
1.452639
-2.493732
0.837620
0.880018
-1.541466
0.581575
-2.467003
0.084168
-2.385525
-0.520663
-2.780051
-1.309766
-0.243146
1.444026
-2.251315
0.150523
-2.166020
-1.299290
0.834822
-1.136817
1.511642
-0.835458
1.451968
1.233087
-2.507799
-0.582125
-0.777990
-2.674866
1.531418
1.548527
-0.912349
-0.856594
1.225708
-1.537204
-2.779636
0.649833
-0.265040
-1.523212
-2.621502
-1.583609
-2.709578
-1.874321
1.284298
-1.807927
-2.830643
-1.613050
-2.539170
-2.832883
0.741487
0.176838
0.118933
1.914925
-2.856493
-1.084040
-1.452636
-1.453807
-1.139826
0.942457
-2.126700
-0.442783
1.150429
-1.744106
-0.184278
0.844471
1.026532
0.924192
0.891088
-0.483311
-0.011828
-0.797183
-0.253584
1.013611
-1.233880
0.171924
-2.468124
1.243945
-0.014477
-0.322650
0.223623
1.438792
-0.218414
-2.884471
-1.312614
1.895162
-0.007096
-1.262879
-2.212247
1.759620
1.934272
-2.692960
-2.580943
0.099532
0.840989
-2.492796
1.574688
-1.224029
0.750271
-2.199407
-2.425195
-2.257943
-1.247356
-1.319602
-0.549604
0.798069
1.146719
0.899571
-2.907486
1.886068
-2.846813
1.606964
1.237590
-1.816439
-0.883212
-1.135312
1.812259
1.633784
-2.998759
-2.139439
0.451272
-2.462115
-2.765369
0.449943
0.194423
0.660950
1.593635
-2.773955
1.138699
1.107383
-0.213563
-1.347165
1.194842
-0.288720
0.489319
1.991307
0.899491
0.743835
-0.363273
-2.533961
-0.277020
-2.876596
1.041778
-2.846701
-1.497646
-2.940877
0.680490
0.005738
-0.565755
-0.651996
-0.101062
-0.541628
-0.135873
-0.623188
-0.928988
-0.508381
-1.362535
-2.131850
-2.000274
-0.613543
1.183881
0.485435
1.709683
-2.360480
0.406129
-1.189678
-1.925353
-1.400388
1.688850
-2.489153
-2.198921
0.731016
-0.809719
-0.938858
-1.377869
0.163028
-1.980695
-1.541716
1.369932
-2.554625
-2.585891
1.925732
-1.217968
-2.381785
-2.664313
-1.107558
-1.727329
1.787128
-0.739947
1.704597
-2.835820
1.372124
-0.713792
1.298101
0.190741
-1.211468
1.851868
-2.655286
0.603010
-2.211556
-1.620570
1.088328
-0.471097
0.269924
-0.383082
-0.455070
-0.351103
-2.980178
0.149717
-0.707126
-1.664957
0.062414
1.991430
-2.034856
-1.830051
0.327440
1.288609
0.643786
-1.883753
-2.237442
-1.687654
-1.400772
0.228613
0.301313
-2.834100
0.272871
-0.862004
0.295584
0.878901
-0.323187
1.197589
0.880794
1.497578
-2.201867
1.223987
-0.450042
-0.857307
-0.757873
0.432348
-0.536875
-0.259166
-2.803621
-2.450134
-1.396957
-0.660783
-2.780267
0.057272
0.573287
-1.768510
-0.349303
-2.737248
-1.925518
0.825086
0.227576
-2.131925
1.742811
-0.582319
0.969136
1.274248
-0.708646
-2.205805
0.040765
-1.863207
-1.928130
1.920525
1.255206
-0.758507
-0.233507
-1.549935
-1.748307
-0.789907
-2.968951
-1.165677
1.465794
-1.405062
-1.877566
1.747770
-2.234734
-1.175321
-0.620583
-2.143466
-2.225769
-0.492903
-1.224039
0.577660
1.734676
-2.300576
-2.786602
-1.428778
-0.464456
1.881385
-1.563262
-0.735512
1.247751
-1.045805
1.157982
0.212478
-0.880934
-2.858770
0.645797
1.917123
-0.918809
0.580081
-2.571765
-0.651926
1.088390
0.571414
1.760994
0.023861
-0.964247
1.908757
-1.521763
1.727820
-2.532516
-0.987218
0.829618
1.385662
1.822985
1.908877
0.505423
-2.354295
-0.641961
-1.430047
-1.800548
1.194105
-2.680523
1.447841
1.860463
1.799611
-0.933849
-2.201354
-0.156598
1.062174
-0.047814
-0.608082
-2.026073
0.783803
1.388010
1.275008
-2.939494
-1.069871
1.682219
1.052783
-2.878094
0.875774
-2.865987
-0.635377
-0.786082
1.317903
-2.016268
0.589022
-2.303675
0.134115
-2.936241
-1.406125
0.255772
1.761973
1.487333
0.611514
0.708473
0.309250
0.560768
-2.177747
1.597005
-1.140625
-2.487984
-2.548043
-1.955935
-0.408459
-1.961867
-0.095976
-0.069184
0.229150
-0.673044
1.147009
0.776612
0.522885
1.120621
-2.723855
-1.825207
1.749347
-0.728621
-2.940571
0.816467
0.363829
-2.129118
-1.089423
-1.929182
-0.765192
-2.576929
-2.441391
0.544378
-2.642349
-1.959203
-0.331844
0.698458
1.988269
-0.152738
0.940310
1.781490
-0.502761
-1.907220
-1.639729
-0.929474
1.324372
1.720959
-2.843853
1.361306
-2.527981
0.230192
1.840961
-0.959929
-0.521273
1.961105
-1.700153
-1.477506
0.557850
-1.209951
-2.645712
1.515823
-0.564485
0.709570
-1.258281
0.070958
0.586953
-2.078542
-1.062253
-0.286324
0.755950
-1.746385
1.504158
-1.620669
-0.590624
1.384902
-0.961820
-2.302633
-2.346675
-2.570549
-0.226471
1.696331
-1.768588
-1.658459
-0.720759
-0.805788
0.124269
1.587938
1.470182
-2.645367
-2.677833
1.662850
0.520080
-1.018658
-2.579442
0.312494
0.087004
0.276868
1.320684
-0.258016
1.527394
-1.086487
-2.585215
-1.714684
-0.695367
0.963115
0.069667
-1.100816
1.583667
-0.304667
-2.546649
1.472849
-2.832007
0.462496
1.179446
0.949716
-0.119434
0.678717
0.197484
-2.881768
-0.864614
1.434732
1.545077
1.105955
0.782258
0.418199
1.667191
-1.521841
0.423125
-0.539488
0.827546
1.559375
1.423349
0.231828
-0.663868
0.362797
0.538370
1.378821
1.856125
-1.106853
0.116081
-1.024209
-0.874029
-1.810267
-2.158461
0.740019
0.492587
1.908196
-0.937198
1.507172
-0.959329
-0.441927
0.532321
-0.273858
0.267894
0.499896
-0.242655
-0.295828
1.018736
-0.102300
-1.350535
-0.437744
0.834053
0.927251
-2.694557
0.573672
-0.298333
-1.086778
-2.483310
1.018295
-2.508236
-2.928699
0.357969
-0.612784
-1.054168
0.606604
-1.805760
-1.402611
-0.689693
1.323120
0.672409
-0.832797
1.183582
0.461219
-0.288794
-0.753117
0.367440
-1.445408
0.035392
-2.162212
-2.304790
1.390156
-2.650399
-2.262649
-0.343931
-2.452448
-0.289943
-0.068205
1.683191
-2.600319
-0.557688
-0.065784
-2.628689
-2.370431
-1.828395
-1.827434
-0.676468
-1.404589
1.074612
-0.994143
-0.556985
1.757473
0.850170
1.811783
-1.367348
1.974288
-0.128479
-1.338097
-1.391938
-1.310327
0.327449
1.428427
0.566371
-2.994672
1.547165
1.199042
0.305092
0.680682
-1.780520
-2.203810
-1.438543
0.402610
-0.330929
1.074809
-2.692432
1.289699
-1.025253
1.581325
0.326230
0.944588
-1.313469
-2.470373
-1.563366
-2.499928
1.711103
1.512333
0.778991
0.502640
0.865304
1.167727
-1.010297
-2.061091
-2.758734
1.954222
-2.395766
-2.634380
1.978932
-2.086898
-1.499093
-2.249032
-1.481837
-2.232627
-0.770000
1.602308
-2.006654
-2.826467
-1.425936
-2.708969
-1.635278
-1.115919
-2.255033
-2.329301
-0.555525
1.290323
-0.537605
-2.521052
1.682184
0.467371
-1.904647
1.597674
0.104146
-1.624736
1.066781
-2.619390
-1.097089
-0.782135
-2.332291
-0.821282
-0.280872
-2.614014
-0.738095
-2.168328
-0.087128
-1.362415
-0.115855
0.818573
0.761401
-0.128637
0.998120
-1.593511
0.862210
-0.831453
-1.228499
0.617713
-0.100247
-1.847869
0.874352
-1.768970
1.913587
-0.336917
0.430987
1.597918
-0.799494
0.911267
-1.329556
-2.847091
1.938808
-1.449214
1.055058
0.365851
1.854425
0.321186
1.166773
-2.042106
1.329854
-1.146905
1.971235
-1.451734
-1.295226
-0.859483
-2.333196
-1.032182
0.108671
-0.559940
-2.908745
0.731236
-2.118920
0.308964
0.757999
-2.314508
-1.943040
1.326168
1.905270
-0.137121
-1.590345
-0.924936
-2.390755
1.588037
-1.871567
-2.418815
-0.022166
0.452802
-1.757657
-2.946259
0.233841
-1.831296
-0.590527
-1.992340
-2.259137
-1.317102
1.464929
-0.947708
-0.133982
1.162280
-2.563869
-2.945191
-1.822251
1.432469
-1.488065
-1.902373
-0.175560
-2.642648
-1.991246
1.131891
1.700500
-1.700552
1.824296
-1.058132
-1.024951
1.638881
-2.324316
-1.784103
-2.425217
-2.626213
-0.757977
-1.328038
-2.331562
1.435713
-1.977794
-2.784845
-1.886738
-2.406308
0.178968
0.916707
0.100203
-2.890800
-2.673872
-1.772549
1.769661
0.699516
-0.236911
1.237115
0.189786
-2.264643
1.144651
1.154014
-1.494837
-0.722082
1.960006
-0.181890
0.981928
1.257647
0.263016
-1.493844
0.966085
-0.014337
-2.953373
0.658228
0.837980
1.936023
1.741310
-0.798137
-1.288171
-2.291358
-2.861940
-2.631859
-0.656461
-0.147412
0.446269
-1.565922
-0.459691
1.980517
-0.439754
-2.953401
0.195925
0.900835
-1.670359
-0.721982
-1.358851
-0.207308
-1.216838
1.599234
1.329448
-2.965825
1.384871
-1.478830
-1.688917
-2.634259
-0.998264
0.169825
-2.747518
0.464065
-2.461655
-0.041329
-1.618494
0.977030
-1.057601
-2.100582
-1.478988
0.646556
-0.331922
-0.608232
0.439161
-1.017331
-0.285717
0.963531
-2.928510
-1.476343
0.107142
-1.257393
-0.001534
-2.785899
0.398666
-1.612881
0.312446
-0.724395
-1.903318
-1.061094
-0.810443
1.884056
-1.680130
0.064198
1.985795
-1.750242
1.677128
0.491784
-1.593190
1.251409
0.431773
-0.181662
-0.194695
0.755599
-2.646959
0.561854
1.080741
-2.977836
-0.482237
-1.955964
-0.885358
-2.216987
-2.906284
-2.914973
1.057539
-2.951063
-0.516680
-0.844910
-2.403605
0.609007
-1.422946
-2.461839
1.875981
-2.380177
-0.625303
-1.464814
-1.123890
-1.218095
0.477899
0.039074
-0.273045
-1.072156
-1.733123
-0.603429
1.178178
-0.364266
0.787538
-0.853509
-1.932540
-2.201610
0.540504
-2.756058
1.924070
0.842638
0.210633
-1.882044
1.493237
-0.152002
-1.706941
-0.550595
-0.842474
-1.471498
1.529440
-1.697733
-0.805626
-2.153172
-0.361701
-1.106386
-2.023974
1.061046
0.994998
0.930722
0.650399
-0.738744
1.930205
-1.045300
-0.349781
-0.764364
1.342073
-0.773623
0.719769
0.151024
1.253353
-1.892939
-1.627720
0.915602
1.522633
-1.111582
0.638754
-1.470448
-0.813293
-1.005459
-0.748089
-0.124286
-0.878194
-1.812131
1.510782
-0.279610
-1.401384
-0.059423
-0.725024
-2.476312
-1.378297
-2.042436
0.781584
-0.915675
-1.753775
-2.703257
-0.645172
-0.405855
1.797477
-1.807265
-1.699354
1.952270
-0.201519
1.076749
-0.072086
1.448369
0.735683
-2.375567
1.835600
-1.072001
0.882136
-0.936142
-0.747357
-2.836182
0.287591
1.548194
-1.503586
-2.767821
-0.772522
-0.777951
-2.021716
-0.982472
0.590691
0.734410
1.233204
-0.535398
-0.428757
1.875310
1.331382
-0.469409
-1.357335
0.271829
1.629351
-2.494094
-0.233568
-2.586067
-1.036079
-0.378513
1.340083
0.779762
-1.540884
0.358197
-1.777432
-0.303399
-1.227228
1.984640
-1.154081
1.354362
0.772519
1.721233
1.767365
-2.889298
-2.428196
-2.698580
-2.030428
-2.396936
-2.303846
-2.736363
-2.050798
0.229854
1.146886
-1.277692
-1.173436
1.057625
-1.503733
-0.233519
-1.752676
0.765292
0.254221
0.699381
-2.500962
-0.671928
-0.095845
-2.868057
-0.425623
-0.454203
-0.796638
-1.101702
1.699244
-2.816292
-0.416559
1.892453
-0.547134
-2.686838
0.316991
0.665235
-1.402946
-1.311570
-0.558548
0.479342
-0.688811
1.157768
1.603700
1.387264
-1.250861
-0.223283
0.280116
0.905580
-1.927678
-0.487036
-2.621139
-0.479393
0.845973
1.274752
-2.252058
-2.337271
0.481530
1.070589
1.391075
-2.204668
-0.860859
-0.460313
1.515410
-2.508548
1.833973
1.585522
0.861657
-0.135949
-1.901000
-2.103659
1.810664
-0.169574
-2.038702
-1.466626
-1.588032
-2.058442
1.761254
-0.599437
-1.744672
0.295062
-2.901738
-1.513838
-0.081541
-2.461715
-1.049092
0.918216
0.457718
0.858162
1.126093
-0.758615
-2.053451
0.652811
-0.209930
-0.291584
-2.662339
-2.934866
1.710739
0.393677
-0.463779
-1.738252
-1.807834
-1.258482
1.697832
-1.542048
0.805618
-1.975861
-0.301812
0.441439
-2.740751
-0.794489
0.024897
1.444690
-1.092986
-1.821099
0.788020
-2.753452
0.732054
1.638702
-0.332460
0.351646
-1.886856
0.609081
-0.173349
-0.480895
0.599750
-2.006863
-1.344341
-1.346329
0.254758
-0.283076
0.338536
-2.219695
1.586157
1.542890
-0.651136
-0.647401
-2.869863
-0.782897
-0.146054
-1.722608
1.127337
0.164243
-1.561385
0.809061
0.879752
-1.014432
-1.552793
0.201230
0.067521
-2.180887
-1.169629
0.045667
0.532926
-0.121492
1.086674
1.723848
0.708477
0.364543
-0.124759
1.173854
1.960187
-2.140093
-0.541333
-0.177829
-0.776711
-1.179351
1.643443
-0.653799
-0.392515
0.999321
-1.421083
-1.146540
-1.891522
-2.806717
0.508307
1.107718
0.415201
1.287756
1.320591
-1.820590
-0.649698
-1.467090
0.622695
-1.357470
-1.991714
-1.729736
1.334621
-1.024723
0.473528
1.588051
-1.622414
0.086671
-0.326734
1.579752
-1.112654
-2.380562
-2.100802
-0.173035
-0.189448
-1.043998
1.529500
-0.696898
0.246722
-0.344570
1.817170
-0.832065
-1.523227
-2.873433
-0.785009
-0.644899
-0.822068
1.506926
-0.104135
-2.196839
0.731714
0.909526
-0.597203
0.809613
0.163821
1.344442
-0.961313
1.213475
-2.133263
-0.751309
0.741579
1.710376
-0.709169
-1.000218
-2.656394
1.992295
-2.494871
1.703517
-0.992879
0.676698
1.272795
-0.128209
-1.808546
1.760638
-0.952080
1.384550
-1.869085
-0.709745
-0.687815
-2.103624
-2.609598
-1.507918
-0.574461
-1.958104
-1.854921
-2.656715
1.591200
1.304464
-2.863410
-2.328672
0.014652
-0.746078
-1.323528
-1.532628
-0.878476
-1.539963
0.848343
1.101305
-2.359578
0.580129
-1.779893
-1.658521
-1.765110
1.791762
-2.849925
-0.685666
-0.989978
-0.559190
-0.311420
-1.044969
0.207685
-1.438692
-2.096663
-0.608195
1.071218
1.974439
-2.599896
1.548185
-1.646417
1.667545
-0.569652
-1.142859
-0.023799
-1.987623
-2.973556
1.453327
-0.926202
1.319252
0.658328
-2.473480
1.213815
-1.410426
-2.032175
-1.756699
-1.846908
-2.985992
-2.569195
-2.456902
-0.155113
1.019487
-2.483649
0.313733
0.913364
-1.091994
-0.136688
0.675539
1.784510
0.256291
0.490762
1.240138
1.005384
0.493858
-1.727028
1.836075
1.917940
-2.189948
1.537286
0.172323
-0.763508
0.720914
-0.603113
1.485865
0.932898
-2.795056
1.492959
0.152528
1.539374
0.258328
-0.282373
-2.839420
0.870807
-1.350454
0.913165
0.571664
0.961915
-0.095286
1.526522
-0.753181
-0.715574
1.355469
-0.629093
-0.167468
-1.635103
1.817952
-2.684391
1.437831
-1.380571
-0.255388
0.692574
-1.905771
-2.301404
-1.688974
1.421254
0.021462
-1.280457
-2.645439
1.113854
-1.456261
-2.385614
-2.012525
-1.513226
0.203717
1.868707
0.353231
-0.251413
-2.494220
-2.358350
1.219830
-0.325002
0.697171
0.362798
0.550266
1.316259
0.376215
1.041347
-0.077718
1.793755
0.633787
0.064103
0.372076
1.473220
-1.584255
1.421082
-2.869872
-0.943220
0.302356
-0.297633
0.679385
1.427385
-1.940317
-2.899903
-0.663973
-1.401305
1.263233
-0.838828
-0.176861
0.493998
0.620687
-0.115927
-0.375535
1.383375
-1.610671
-2.545758
1.445241
-1.835644
1.336228
0.987325
1.968592
-0.868845
0.322659
0.921384
-1.306653
-2.926176
-2.245884
1.423989
0.980642
-0.350255
1.268353
0.216055
-0.769644
-2.407780
0.439502
-0.293125
1.452531
0.696185
-1.222022
-0.518899
1.856023
-2.825094
1.652383
-0.394670
-0.217242
1.806595
1.446976
-2.670248
-0.861678
0.778777
1.910962
0.543570
-1.226735
0.271161
0.398316
-2.508524
-2.761051
-1.991631
-0.340946
-2.284873
1.139700
-2.060562
1.134330
-2.314800
-1.846182
-0.782726
-2.273033
0.141730
0.063089
-1.665578
-0.372367
-0.368434
0.723141
1.828807
-0.238693
1.289865
1.762657
-2.027783
-2.945898
1.294581
1.031842
0.170980
1.669822
-2.310485
0.676790
-2.184275
1.889035
-2.997302
-2.659104
1.444939
-1.906661
-2.258221
-0.925138
-0.797886
-2.072654
-2.092531
-1.167246
0.088699
-1.239374
-2.160880
0.087900
0.336524
-1.036615
0.615058
0.284244
0.287086
-1.939699
-2.523272
-0.629875
1.693154
-0.166106
1.266731
-2.044872
-0.166371
1.799870
-1.579766
1.874013
-0.469674
-0.816683
-2.986788
-0.949156
0.540488
1.986063
-2.246049
-1.352729
-2.311213
-1.562516
1.788048
-0.272107
-0.299361
1.632833
1.026604
-2.864952
1.759981
-2.005888
0.043332
1.285954
1.016929
-0.478591
-0.679210
-2.484647
-1.456728
-0.232136
1.489527
-2.519126
-0.952296
-2.244342
-2.653002
-1.007514
-0.287735
-2.952431
1.489682
0.079659
1.827946
0.280920
-0.583446
-2.982495
1.204882
-1.552394
1.913241
-1.152301
1.277507
-0.936739
-0.780019
-1.784492
1.047043
0.650831
1.510940
-2.643571
-2.501271
-0.852828
-0.480840
1.520757
-2.639954
-1.710026
-2.398804
1.303257
1.833971
1.548973
1.580186
1.187196
1.202884
-0.126657
-0.728736
0.132068
-2.336930
1.219159
-1.603856
1.986856
1.086797
-1.207604
1.803572
0.629226
-1.601641
-0.781462
-1.032071
1.987196
1.797659
1.258716
-1.770849
0.337240
0.987663
-2.357994
-2.810842
1.176771
0.988516
1.991419
-2.222415
0.866856
-2.754106
-0.261803
-2.123058
0.759346
0.338330
-0.680594
-0.739138
0.313362
-0.325974
-0.647457
1.188351
0.617367
-0.912500
1.613767
0.581824
1.710557
-2.675277
-0.376644
-2.253245
-2.284065
-0.275288
1.232097
0.852596
-2.415807
0.524518
-1.427098
-2.228208
-1.482729
-2.235660
-1.736804
-2.466260
-2.429799
0.370923
-2.901739
-1.532583
-0.114544
-2.136462
0.483843
-0.059318
1.050466
-1.813694
0.245096
-2.673508
-0.642936
-2.834665
0.787859
-0.453588
-0.462544
-0.975482
-1.921224
-2.009098
1.099065
-0.018736
-1.894992
-1.137391
1.877185
-2.141107
-2.589787
1.454436
-2.296235
0.185525
1.123335
-2.112948
0.673423
1.226301
-1.557291
-0.396019
-2.889491
-0.669565
-0.388917
1.469332
-1.935573
1.817108
-1.872972
-1.049050
1.618715
-1.252555
1.312525
-2.393849
-0.427031
0.888521
1.381185
1.576553
0.133220
-2.974688
-2.581420
-2.926879
0.946981
-1.087026
-1.654608
-0.992029
-0.032860
0.723989
1.075773
-1.479913
0.106282
-0.710192
1.795857
0.977710
0.373046
-2.214865
-2.237763
-2.076266
-2.798664
0.852175
0.512481
1.267597
-2.506100
-2.021160
-1.639274
1.717554
-0.075900
-2.652804
-2.679703
0.237473
-0.791407
1.819026
0.372843
-0.631232
-1.113043
1.088490
-2.754251
-2.702300
0.448465
0.351727
-0.532307
1.511764
1.217790
0.390688
-0.710635
-0.645689
0.902610
-1.835457
-0.519802
1.689888
-0.039402
0.768901
0.913436
0.110919
-2.778651
-2.786440
1.309787
1.580682
-0.482299
1.997650
-2.487633
-1.648565
0.571078
1.105386
1.214326
-2.816251
0.270674
-2.774370
-0.843792
1.381246
-2.391892
-2.528614
-0.415196
-0.200782
-1.541152
0.862535
-0.371386
1.109399
-1.329258
-2.835710
-1.784688
-2.249306
-1.092468
1.883310
0.800614
-1.070160
1.822278
0.032480
-1.115017
-2.096646
-0.337402
-2.721312
0.918587
1.694669
0.294600
-0.658570
-0.588734
-1.850448
-2.487216
0.350401
-2.815742
-1.167082
-2.145697
0.268822
1.091824
-1.714982
-0.704792
-2.428942
-0.228910
0.709244
-1.741983
0.488939
0.605851
0.533523
-0.082491
1.580592
-1.995293
-1.887553
-1.108520
-2.892068
1.008741
1.915484
1.549120
-0.943316
-1.310502
-2.605014
0.534587
-2.191802
0.387398
-1.009021
-0.618483
-1.842157
1.859919
-2.350823
-2.284990
-0.831958
0.282160
0.263536
-2.749285
0.767533
-2.075742
1.012028
-2.852067
-1.683951
0.826612
0.866762
0.662033
-0.221678
-2.750138
1.438899
1.568659
-2.545927
-1.393344
0.066286
-2.936105
0.877727
-0.044581
-1.270930
-2.524419
0.082899
1.283432
-1.366070
-1.531879
1.702922
-0.995566
0.518117
1.000631
0.604433
1.704498
0.498572
-2.499949
1.361538
1.377026
1.667275
-0.105503
-0.183355
1.355670
-2.258080
1.446330
1.467299
-1.103976
-1.516057
-2.366638
1.911748
-1.250215
0.636978
-1.308167
1.630923
-1.072115
-1.030041
1.093770
0.982297
-2.529664
1.932311
-0.655006
-0.679442
-1.389770
0.133122
0.380248
-1.166799
-2.387578
-0.017498
-1.096494
-0.780778
0.464866
0.997978
1.015964
-1.697489
-1.699091
1.381956
-0.471118
-0.088915
-1.390668
0.040908
0.540349
-0.358013
0.871024
-2.702779
-2.612226
-0.677794
1.322151
-0.605109
-2.070711
0.566321
1.157341
-0.572181
1.362382
0.563298
0.350508
-1.008359
0.512023
-1.430616
-1.362962
0.693796
-1.375288
-1.456346
1.194448
-1.913428
-0.986832
-2.689718
1.908823
-0.411945
-0.556133
1.080198
-2.105260
-0.112281
0.893080
-2.015213
-1.679947
-1.867747
1.771813
1.870138
-0.591406
-1.759642
-1.307762
-1.553366
0.583757
-0.801128
-1.559093
-0.677494
1.362137
1.442010
-1.133350
-0.214973
-0.060946
-1.330165
1.919109
-2.530657
0.253457
-2.150695
1.262374
-0.272414
-0.454200
-0.731328
1.581141
-2.774343
-0.380941
0.526037
-0.893137
-2.959812
-2.560776
-0.954502
0.677451
-1.078109
-1.781945
-1.152735
-1.016395
0.448534
1.505881
-2.654690
0.628628
-1.647256
-2.424811
-0.799427
-2.976136
-1.917593
-0.994488
-1.358437
1.741256
-1.707013
-1.771508
-0.737425
-0.901761
-2.891140
1.613230
1.561307
-1.113301
1.742468
-1.345696
0.884259
-0.263043
-2.959045
0.336729
-2.598843
-0.753811
-1.299955
-0.349216
-1.266830
1.394119
-1.046980
1.414362
-0.823360
-0.205262
-1.839824
1.072142
-2.517023
-0.607356
0.164514
-2.011251
-0.093980
-1.520004
1.292517
1.327529
-0.212227
1.101718
-0.417470
1.571279
1.474974
-2.111753
0.765983
1.874423
1.430327
-2.498833
0.111445
1.059903
1.783844
-0.931699
-1.065833
-0.458073
-0.824454
1.408796
0.642136
0.381081
-2.166442
1.615498
-0.324784
-0.635000
0.547212
-0.015488
-2.299414
1.742028
1.264020
-2.618329
1.743315
-2.105617
-1.110215
-1.379309
0.955990
0.325200
-1.359319
1.925391
-1.947613
-0.538796
-2.542665
-1.575888
-2.958002
-2.138387
-1.868255
-1.760299
-2.338051
-2.623530
-0.667212
-0.830808
-0.384321
-1.280725
-2.143840
1.481674
0.494674
1.984810
1.698591
1.220452
0.134432
-2.598931
-2.238434
1.639323
0.099191
0.096395
-1.886982
-1.509830
-2.714111
1.934174
0.663033
1.591280
-2.354448
1.794278
-0.578687
-2.991992
1.583889
-1.572155
-0.202417
0.985083
-0.704340
0.149527
1.099794
-2.767142
0.647012
-2.675893
-0.740048
0.011519
1.594471
1.272774
-0.496831
-2.238368
-2.250037
1.626706
-1.952332
0.153239
-1.511169
-0.215979
-1.964339
-1.644996
0.544233
-0.085585
-0.425906
-0.201327
-0.699726
-2.287906
0.168474
-0.447980
-1.205822
1.745265
0.664526
1.681720
-2.332507
0.562623
-1.000506
-2.497081
-0.445049
-1.942702
-2.989579
-2.856891
-2.769637
-1.292779
0.255761
1.571480
-0.142430
-0.822029
-2.835738
-2.245309
1.094172
-2.243706
-1.970204
-0.215143
-2.913071
-1.988609
0.449569
-1.104983
1.552963
-1.352173
-2.971889
-0.546858
1.953104
-1.189931
-1.163449
-1.085734
0.072802
1.584658
1.350512
1.047232
-1.175068
-1.366012
-0.571075
-0.060517
0.891813
1.701563
1.170532
1.128942
-2.863192
1.325538
1.323314
-1.065091
-2.990432
-2.181808
-1.644787
-0.938206
-0.426704
1.386155
0.100466
1.535130
-1.081610
-0.628768
0.299016
-1.436219
-0.532655
0.673253
-1.629854
0.042304
-1.002301
-2.668635
1.254813
-2.354376
-1.992909
-1.825347
-0.613238
1.301583
-1.297209
0.807893
1.254035
-0.433491
-2.682943
0.784413
1.632296
-2.994891
-2.131033
1.727060
-0.306206
1.584931
0.937077
-2.547405
-1.232049
0.957300
-2.659262
-1.218961
0.918699
-1.419763
1.036208
-1.446320
-0.305700
0.096225
0.254750
-0.425438
-2.333830
-1.680506
-1.259742
0.506841
1.481264
-1.388970
-1.419062
-2.184519
-2.209831
-2.625398
-2.056470
-0.095402
-0.428075
-1.658081
0.633235
0.778272
-1.582801
0.870542
-0.792780
-1.250762
1.434733
1.560534
0.893086
-1.897230
1.252209
-1.117515
0.922552
-1.663758
0.218328
-2.562053
-2.422155
-1.160048
1.079163
0.492690
-1.357284
1.125099
-2.463296
-2.623841
-0.902936
-2.638009
0.989210
-1.339230
-0.434160
1.070408
-1.647904
1.672195
-2.407467
0.693461
-2.002877
0.639401
-0.590503
-1.584038
0.067270
-1.387443
-0.757689
-1.480933
-2.033231
0.479908
-1.191590
0.948302
1.106131
-1.264148
1.464066
-0.440266
-1.548554
1.450852
-2.532160
-0.004741
-1.685126
1.093948
-1.016173
-0.814845
-2.092548
-1.449661
-1.452386
-2.257426
-2.550891
0.182138
-0.805714
1.358409
-1.218250
-2.126561
1.893936
-0.612165
-0.663058
-1.014389
-0.841455
0.670794
-2.964745
-0.470397
-2.955420
1.246113
1.418093
1.892624
-2.663000
0.961160
-2.787700
0.118600
1.315549
-1.567020
1.088196
-2.689521
0.226186
-0.489685
-2.128214
-0.888383
1.943661
0.118028
1.694554
-1.627674
1.687595
1.410055
1.797399
1.887766
0.689851
-2.679153
-0.524516
-2.532417
0.673185
-2.770939
1.832792
1.741723
1.142131
-1.208401
-1.603742
-1.097953
-0.301067
-2.029209
-1.922645
-0.900107
-0.099154
1.506572
-1.047206
-2.389332
0.496225
-1.947902
-0.390440
0.867087
1.128829
0.238717
0.123469
-1.857452
-0.188336
-2.364685
-0.258472
-1.140335
-2.603664
-1.787530
-0.008433
1.259123
0.079494
-0.952177
-0.229874
-0.484023
-1.975608
-1.037028
-1.329358
0.489447
-0.871351
-1.788256
-2.220700
-0.305496
-1.465260
1.381970
-0.227131
0.601631
-0.394749
-1.541229
-0.441025
0.694620
-2.513066
0.904769
-0.546774
-1.626763
1.999417
-2.799710
-1.726046
-1.648133
-2.176187
-2.168653
-0.555569
0.554253
-1.666579
-2.201604
0.637277
-1.291308
-0.016121
-2.948481
-2.122476
0.548295
-1.800083
-0.989779
-2.206882
1.927064
1.160714
1.111942
1.415945
0.786413
0.247491
-2.410281
-1.599567
-0.918313
-1.089453
-2.434687
-1.790928
-2.124689
-1.653412
-0.891487
-0.216194
-0.570965
1.796093
-0.056395
0.174121
-0.551923
1.836838
-0.270216
1.484620
0.005773
0.024783
-0.468192
-0.901475
1.904077
-0.183974
0.942216
-1.177472
-1.771170
-0.052233
0.120613
0.148983
1.948812
1.674072
-0.875965
0.657355
1.167608
1.982904
-0.323038
-1.297425
-2.819355
-1.906947
-2.054142
-0.966335
1.816726
1.713005
-1.527945
-2.167037
1.618329
-2.749224
1.794587
-0.371804
-0.901541
0.804746
-1.639386
-0.159366
-0.468252
-1.921173
-1.154341
1.998597
-1.583472
-0.420834
0.036443
0.504720
0.836653
-0.379734
0.811399
0.188396
-0.635082
-0.817590
1.767327
1.466475
0.038773
-0.350676
-0.816037
-2.132084
-0.929268
-0.213947
-2.799968
-1.053793
1.901157
0.748799
-1.932103
0.145159
-2.307011
-0.928008
0.975909
0.103741
1.578023
-0.159911
0.380257
-1.029916
-1.791663
0.519587
0.694313
-2.681796
0.061035
-1.191684
-0.640138
-0.803351
1.079659
-1.166709
-0.878771
-1.505011
-1.724455
0.084905
-0.003270
-1.955286
0.512300
-1.763048
1.458508
1.151899
-2.023110
0.596375
1.263582
0.025236
-2.858339
-2.106241
-1.594967
1.392049
-0.825995
0.502966
1.355737
-1.127757
-1.208617
-0.234043
-0.558672
-1.607794
0.813847
1.330445
-1.213481
-1.979609
1.713329
-1.081535
0.637421
1.140071
-0.829168
-2.821061
-0.579242
-2.317894
1.155538
-0.874082
-2.699616
0.544983
-2.470769
1.784846
0.903173
-2.364337
0.592209
1.248569
-2.289004
1.705091
0.467566
1.388454
-1.247209
1.155565
-0.408726
-1.462734
-1.162559
-1.133925
0.124783
0.216393
-0.091457
0.888273
-2.787139
-0.449412
-0.261381
-0.034950
0.587934
-0.589517
-0.015615
0.564769
0.079643
1.571593
1.760669
-0.435775
-1.067566
0.414020
1.439458
0.966837
-2.366102
0.923734
-1.802546
-2.390568
-0.267759
-2.222869
-1.758650
0.375083
-2.973404
-0.999346
1.993083
0.739519
-2.896733
-2.393048
-1.950219
0.671259
-0.144128
0.637472
1.996863
-0.729811
-2.928414
0.143950
-2.624578
1.712461
-0.664722
1.015263
1.519012
-1.965986
0.674779
-0.989495
-2.433071
0.374009
-1.038934
1.639661
0.783913
-1.773498
0.816821
1.306743
0.432619
-0.966041
1.755243
-1.627299
-2.013587
0.652709
-1.927192
-2.313059
-2.582135
0.053187
1.923506
1.369013
-2.993469
1.765572
1.974798
-1.573709
-1.328011
-1.882407
0.389374
-2.788353
-0.853774
-1.374983
-1.338605
0.069493
0.962809
-0.079066
-0.865502
1.510355
-2.466956
0.870875
-0.207061
-2.073676
0.731210
-2.547062
-0.465736
0.368848
-2.769975
-1.974763
-1.836120
-1.670461
-2.431457
-2.500226
1.700192
-1.871904
1.915402
0.169174
1.313879
0.359089
-1.796274
-1.984713
0.924465
0.480667
1.564100
0.839240
-1.893570
-2.226385
-0.845546
1.905183
-1.586486
-1.073331
-1.474553
0.191315
-1.576660
-0.923283
0.388708
1.020917
1.551405
-2.535057
1.304011
-0.484102
1.696258
-2.999676
-2.552534
-2.437941
-1.471539
0.837824
-0.692072
1.352052
1.934670
-1.002471
-0.529681
0.643291
-0.213984
1.571614
-2.880492
0.571812
-1.563544
-0.477431
-1.182707
0.245530
-0.370449
1.871002
-1.062338
-1.721289
-1.697506
-1.982210
-1.997530
0.506351
-1.757437
0.754519
-0.807657
-1.298643
1.710854
-2.676457
-0.218290
-0.799879
-0.565053
1.150756
-1.251208
-1.045358
-1.338173
-2.671628
0.945933
1.301217
-2.454644
-2.204618
-0.011229
-0.718032
0.029187
-1.450226
-0.954734
1.794789
-1.974807
-2.582286
-2.483182
-1.842875
-0.203804
-2.328223
-2.440728
1.681693
-2.792932
-2.805454
1.738389
0.115658
1.858374
1.688366
-0.624351
-0.468184
-0.777193
0.724153
-1.171458
-0.693689
-0.833742
0.300709
-2.983727
0.492317
-2.624093
-0.128001
1.687062
-2.543977
1.387052
0.172723
0.953669
1.316032
1.554794
-0.572158
1.733587
-0.599410
-1.289060
-2.232602
-0.337907
-1.196409
-0.036815
-0.752683
-2.346759
1.027709
0.697983
-0.994901
1.699534
-2.934516
-2.405827
-1.731775
-2.940846
1.205170
-1.700945
0.215044
-2.747152
1.614535
-1.517776
-1.264802
0.467431
-0.897941
1.303363
-1.383260
-0.458266
0.916529
-2.899253
0.251894
1.586397
0.564391
-1.274077
-0.408644
-0.086075
1.334375
-0.157751
1.682988
-1.026547
-0.170582
1.036265
-0.483442
-2.211625
-2.780985
-2.019520
0.927781
1.214864
1.218627
-0.533626
-0.656349
1.748252
0.871624
-2.622807
1.482013
1.196928
-0.240438
1.958316
1.413321
1.679774
-0.030569
-0.766283
-0.922290
-2.935999
-2.333087
0.809166
-2.338223
-0.517760
1.001044
-2.456982
-1.496357
-1.268956
0.654260
-0.852625
-2.071948
-0.222550
-2.407792
0.234686
-2.637040
-2.738750
-2.177768
1.259376
-0.680806
0.698416
1.285266
-0.534557
-1.307757
-1.466610
-1.319862
0.083869
-2.422381
0.047333
-1.475282
-2.068419
-0.917964
-0.214315
1.009805
-0.209636
-0.350406
-1.279795
-1.514698
0.471529
-2.010983
-0.581491
-0.119806
-0.568839
-2.472657
0.057684
-2.505424
-0.667877
-2.004593
1.800169
-1.555276
-1.523688
-0.630852
0.274761
0.915794
-0.246329
-2.051125
-0.260031
-2.349984
1.813001
-0.894975
1.151269
-2.614574
-0.150009
1.803029
1.508453
0.575435
-0.667895
-2.309313
0.376388
-1.048496
0.933425
1.076759
0.098842
-0.766338
-1.844080
-0.456686
-2.527935
0.996629
-1.663446
0.469274
0.086146
0.856665
0.972964
0.601760
1.779573
-2.712927
1.829587
-2.125729
0.880832
-2.854085
-0.611497
0.568878
-0.873114
-1.419360
-2.178877
-2.391645
1.616271
-2.344907
-2.844121
1.861966
-2.944695
1.508489
1.173369
-1.180881
0.937303
1.246467
-2.631557
-0.584739
0.285439
0.363211
-2.520932
-1.306830
-0.897966
0.882891
1.749072
-0.354201
-0.061809
-0.819083
1.669609
-0.885610
-1.442522
-1.473480
-1.784479
1.264812
0.689785
1.229030
-0.703650
1.747110
1.686532
-1.464394
0.931504
-1.217462
1.119804
-1.453498
-0.936191
-1.555274
-1.482052
-0.849819
0.095076
0.934496
-0.924626
-2.188254
0.017327
-0.789691
0.669880
1.671231
1.382321
0.680525
0.585632
0.726657
0.924352
-1.419537
-0.153172
-1.354962
0.147650
-0.447792
1.958809
-0.292411
-1.545418
-0.844186
-0.236223
-2.195590
1.725284
-0.154492
1.453133
0.803236
-2.007036
0.750236
-2.777110
-1.887027
-2.264801
-1.506844
-2.533231
1.978057
-1.800277
0.747643
-1.364626
-2.263600
-1.319781
1.433682
-1.100060
-0.702748
1.912971
-0.702983
-2.027098
-1.429356
-0.192477
-1.958521
1.133357
1.323510
-2.773007
-2.935227
0.640920
-0.053295
-2.727461
-2.434567
0.233519
-2.245030
0.775280
-1.861862
0.685107
-2.398237
0.826970
1.879918
-1.224581
1.459471
-2.680778
-2.837253
-2.709301
-2.226397
-1.054080
-2.919182
0.309704
-1.806096
-2.057594
1.023795
-0.080459
0.726336
0.535975
1.128705
-1.861450
-2.384290
0.232364
-1.657987
-2.789008
-1.861327
-0.327873
-2.556113
-2.581554
-0.173595
0.394139
-2.706869
-1.347979
-2.482873
-1.646479
0.626012
-0.618498
-2.099136
-2.183355
-2.651577
-2.062072
0.755802
0.757277
0.553563
1.727736
1.070047
-2.716980
-1.278687
-2.888644
-1.431091
0.651363
0.453975
-2.043816
-2.411705
-0.520082
1.986006
1.803790
-0.697898
-1.575354
1.018218
1.181591
1.987877
-1.750993
-0.938118
1.046453
0.744017
-2.309737
-1.750539
1.695487
-0.941125
0.507126
1.269437
-1.570184
-2.082944
-0.033808
-0.213982
1.604798
-0.160270
-0.661622
-1.886984
-1.544344
-2.795757
-0.285297
-1.984049
-2.912237
-2.964460
-0.672480
0.627912
1.310858
-0.411782
-2.816316
-0.828617
1.427907
1.832652
-0.616284
0.121941
-2.535926
1.698010
1.461087
-0.514316
-1.101629
-2.073191
-1.114222
1.278227
1.165645
-1.005946
1.061538
-0.734956
0.596076
1.238309
0.269158
1.742306
0.937301
1.225727
-1.206696
-2.938843
-0.137411
-1.469969
-2.762776
-0.975063
0.110534
0.747416
-0.187103
-1.634707
-1.515195
-2.877250
0.053516
-2.558943
-0.148035
-0.019348
-2.184672
0.213337
-1.442144
-0.108803
-0.651338
0.959007
1.029820
1.193346
-0.429757
0.075578
-1.765446
1.148207
0.908734
1.094525
-1.306857
-1.350252
-0.685886
0.317502
-0.745325
1.319541
0.529539
-2.038762
-2.477597
-2.981816
-2.375937
0.630463
-0.807330
-0.797566
-1.693238
-0.251539
0.372938
0.963626
-1.342575
-1.658953
0.969632
-0.394660
-0.048545
-2.896381
-1.480304
-1.466655
-2.063876
0.444039
0.957665
-1.527458
1.007293
-2.423467
1.785596
-1.488624
-1.303016
-1.789788
-2.975403
0.402794
-2.235326
-1.126158
0.658682
-1.530370
-2.936003
-2.396911
-1.881496
0.700374
-0.809586
1.284223
1.930853
-0.145202
-2.410722
0.992070
1.726809
0.468611
-1.063065
1.069810
-1.700876
1.383326
-2.443827
-0.400995
-1.519333
-2.435438
0.599969
1.687144
-1.166027
0.587721
0.823775
-1.810854
-2.020313
-2.396065
-2.661805
1.049963
-0.277717
0.415664
-0.939329
0.705642
-2.282745
1.901825
1.970091
-0.682219
1.944016
1.079139
0.081649
0.278083
1.733577
-0.768225
1.440850
-0.639401
1.578748
-2.985719
-2.986464
-0.505055
-0.458701
-1.395765
-0.627782
1.865288
-2.111612
-1.857031
1.873749
0.100757
1.425984
-0.487044
-2.750822
-0.060542
0.465785
1.442065
-0.205182
-0.490989
0.952239
-2.717769
0.449630
-0.065954
-0.490283
-2.189599
-2.580375
-0.368419
0.974680
-0.546682
-0.083637
-2.694895
-0.098333
0.320466
-0.931933
0.006582
-1.381674
1.200656
-2.573408
1.731713
-2.096986
-1.036643
0.145985
1.566912
-1.917899
-1.135356
1.072354
1.051292
-2.925919
-2.922911
-2.363352
-2.863590
-0.363386
0.579610
-0.487785
-0.205432
0.307229
1.602230
1.674877
-2.339946
0.523460
0.796557
0.732071
1.924756
-2.626303
-2.273828
1.775466
-1.748391
-2.215089
-1.000172
-1.894849
1.276771
1.681005
0.654604
-0.076843
1.500324
-1.050824
1.803066
-2.871777
-2.947122
0.717570
-1.805366
0.213918
-1.670530
1.396583
0.373688
-1.418780
-2.435909
-2.314564
-2.874182
1.617824
-1.237939
1.963433
-2.572416
-1.594129
0.476031
-1.341653
-1.161451
-2.506109
-2.181836
-2.110065
-0.859711
-1.163109
-0.364188
-2.911798
-0.588498
-2.884044
0.863814
1.127689
1.071117
0.268838
1.369934
-2.519681
-0.269667
0.703496
1.654871
1.423930
-0.011546
-1.053347
-0.596368
-0.154420
-2.336167
-0.958627
1.358281
1.632394
-1.349319
0.004302
0.302104
0.470532
1.224269
-0.704406
-0.946399
1.863320
-0.180409
0.869038
-1.072148
-1.594910
-2.646090
0.168168
-0.602936
-0.543050
0.965721
-1.124618
1.549290
1.915030
-1.079516
-0.429242
-1.264232
0.058646
-1.338572
0.625713
-0.646588
0.791182
0.399374
0.277918
-1.037584
-0.668251
1.708367
0.521887
-0.644675
-2.054415
-0.544173
-2.924004
-0.730080
-2.456360
-1.043380
1.916266
-0.321363
1.850073
-2.821987
-1.143699
0.852070
-1.260818
-2.564441
-2.560003
-2.968051
-1.039927
-0.054884
0.554958
0.179648
-2.659337
-2.478889
0.307875
-2.542557
0.244721
1.019965
0.549689
1.618684
-1.781696
-1.957331
1.130317
0.237550
0.495600
-2.449403
0.890051
-2.910288
-0.204687
-2.168115
-1.502338
-1.793934
-2.654077
0.924999
-0.533175
1.937069
-0.685869
0.601403
0.787940
0.902604
-1.936926
-0.907225
0.266886
-1.438362
-1.558332
-2.892415
0.177470
0.740295
0.135659
-1.983609
-0.523753
0.284437
-1.468062
-0.715046
0.221337
-1.991929
-0.346379
1.407342
1.199837
-1.338935
-0.480029
0.147992
0.299072
-0.501046
1.917651
-2.046798
-2.525590
0.399502
-2.569126
-1.307443
-1.200168
1.773158
-0.538773
-2.162108
-0.550940
-1.649210
-0.275722
-1.061336
0.130137
0.206413
-2.826672
0.120522
-1.388742
-2.595803
0.340367
-1.453885
-2.449452
0.066678
-1.343289
1.337392
0.544756
-1.279550
-2.395132
-1.982926
0.962461
-0.911551
-2.429049
-2.021931
0.401980
-0.921298
-1.256284
-1.368240
1.983935
1.995934
-1.326043
1.198130
-0.030014
-1.434473
-1.182909
1.847947
1.444963
-1.511469
-0.257609
-1.634394
-1.259475
0.008999
-0.748417
-0.649351
-0.637423
-0.167361
0.156900
0.025303
-1.733768
-1.441463
1.333779
-0.170495
-2.501651
-2.251550
1.196641
-0.056590
1.891937
0.788175
-0.145158
-1.669291
-2.775570
-1.002993
0.688858
0.641171
-0.831673
0.070841
-1.367722
0.701180
-2.269498
-0.450022
-0.525430
-2.897967
1.876035
-1.478031
1.735536
-2.839324
-2.523183
0.861362
-0.096694
-2.128014
-2.537132
1.424544
0.316992
0.681044
-0.696614
0.011181
0.914718
1.669162
1.608746
1.187893
-2.089572
-1.433996
1.828789
-0.549087
-0.498813
-0.544422
-2.092015
-2.494534
-2.626748
0.242363
1.396309
0.774366
-2.230738
0.984397
-2.237591
0.803408
0.872794
-2.947550
-1.464728
0.308766
-2.568286
-2.189847
-1.761026
0.433599
0.501697
0.019098
-1.022682
-0.218252
-0.156199
-2.239667
0.910480
0.428893
1.396082
1.960107
1.512833
-0.825428
0.034115
1.362583
-1.076255
-0.611708
-2.973141
-1.587582
0.501948
-0.762332
0.475883
1.162518
1.437910
-0.043357
-0.708906
-1.582076
-1.944231
1.308781
-0.322397
-0.535619
0.846987
-1.696556
-1.017238
1.278814
1.025070
1.353423
-0.021721
-2.058263
-0.221250
-0.547530
0.665327
0.146675
-1.829518
-0.704754
-1.794536
-2.775803
0.076661
1.437711
1.601204
-0.562505
-1.029887
-1.308541
0.347249
-0.789148
-0.209152
-2.217400
0.158888
-1.575979
0.515621
-0.953208
-2.574243
-2.295527
-2.932364
-1.233639
-0.778712
0.183461
1.437649
0.563780
-1.554013
-0.293370
-2.676778
-0.613906
0.075908
-1.208254
0.870056
1.023812
0.207199
0.397739
-2.190408
-1.185697
-0.001639
0.460603
-0.642767
0.014681
-0.249612
-2.223937
0.290986
-1.407357
-0.450257
0.524328
0.376535
1.423737
1.747633
0.463961
0.795764
-2.587548
-0.921507
0.231907
0.653153
0.541786
-1.198011
-1.976978
0.926837
0.345022
1.784098
-1.669654
1.125145
-1.689738
-1.428861
-1.872890
0.341031
-0.297044
0.586747
-0.544294
0.059024
0.008848
1.718030
-2.062129
-0.192324
0.611932
-2.253195
-1.442495
-1.016929
1.472393
-0.498718
1.045232
0.205824
-2.719516
1.094797
-1.740210
0.291440
1.241589
0.376229
1.273869
-2.090032
0.827877
-2.870793
-1.421274
0.649501
-0.831232
-2.513517
-1.682700
1.856066
-2.096498
-2.837229
-2.317200
-2.183211
-0.227438
0.452427
1.948298
